# Image list with two lines of data per image:,"#   IMAGE_ID, QW, QX, QY, QZ, TX, TY, TZ, CAMERA_ID, NAME","#   POINTS2D[] as (X, Y, POINT3D_ID)"
1,right/right_image_0004.jpg,1,,,,,95.03948333333334,134.7886638888889,0.42

2,right/right_image_0005.jpg,1,,,,,95.0543111111111,134.79745555555556,0.42

3,right/right_image_0006.jpg,1,,,,,95.0543111111111,134.79745555555556,0.42

4,right/right_image_0007.jpg,1,,,,,94.99726111111111,134.8930111111111,0.42

5,right/right_image_0008.jpg,1,,,,,94.99726111111111,134.8930111111111,0.42

6,right/right_image_0010.jpg,1,,,,,94.99726111111111,134.8930111111111,0.42

7,right/right_image_0011.jpg,1,,,,,94.99726111111111,134.8930111111111,0.42

8,right/right_image_0012.jpg,1,,,,,95.01056111111112,134.8996611111111,0.42

9,right/right_image_0013.jpg,1,,,,,95.01056111111112,134.8996611111111,0.42

10,right/right_image_0014.jpg,1,,,,,95.01056111111112,134.8996611111111,0.42

11,right/right_image_0015.jpg,1,,,,,95.01056111111112,134.8996611111111,0.42

12,right/right_image_0016.jpg,1,,,,,95.01056111111112,134.8996611111111,0.42

13,right/right_image_0017.jpg,1,,,,,95.02915555555555,134.91018611111113,0.42

14,right/right_image_0018.jpg,1,,,,,95.02915555555555,134.91018611111113,0.42

15,right/right_image_0019.jpg,1,,,,,95.02915555555555,134.91018611111113,0.42

16,right/right_image_0020.jpg,1,,,,,95.02915555555555,134.91018611111113,0.42

17,right/right_image_0021.jpg,1,,,,,95.02915555555555,134.91018611111113,0.42

18,right/right_image_0022.jpg,1,,,,,95.02307777777777,134.85843888888888,0.42

19,right/right_image_0023.jpg,1,,,,,95.02307777777777,134.85843888888888,0.42

20,right/right_image_0024.jpg,1,,,,,95.02307777777777,134.85843888888888,0.42

21,right/right_image_0025.jpg,1,,,,,95.01472222222222,134.86170277777777,0.42

22,right/right_image_0026.jpg,1,,,,,94.927625,134.89980277777778,0.42

23,right/right_image_0027.jpg,1,,,,,94.8877138888889,134.91487222222221,0.42

24,right/right_image_0028.jpg,1,,,,,94.76626388888889,134.9641472222222,0.42

25,right/right_image_0029.jpg,1,,,,,94.66087777777778,135.02755555555558,0.42

26,right/right_image_0030.jpg,1,,,,,94.553825,135.07176944444444,0.42

27,right/right_image_0031.jpg,1,,,,,94.45358611111111,135.11250833333332,0.42

28,right/right_image_0032.jpg,1,,,,,94.33566111111111,135.16011111111112,0.42

29,right/right_image_0033.jpg,1,,,,,94.1370888888889,135.24147777777776,0.42

30,right/right_image_0034.jpg,1,,,,,93.93630277777778,135.32349166666665,0.42

31,right/right_image_0035.jpg,1,,,,,93.89364722222223,135.26015833333332,0.42

32,right/right_image_0036.jpg,1,,,,,93.85104444444444,135.27705555555556,0.42

33,right/right_image_0037.jpg,1,,,,,93.75203333333333,135.32709444444444,0.42

34,right/right_image_0038.jpg,1,,,,,93.52975277777777,135.41600833333334,0.42

35,right/right_image_0041.jpg,1,,,,,93.11342222222221,135.5816361111111,0.42

36,right/right_image_0042.jpg,1,,,,,93.02120833333333,135.61849166666667,0.42

37,right/right_image_0043.jpg,1,,,,,92.95336944444445,135.64524166666666,0.42

38,right/right_image_0044.jpg,1,,,,,92.92223611111112,135.6574527777778,0.42

39,right/right_image_0045.jpg,1,,,,,92.90175555555557,135.7067972222222,0.42

40,right/right_image_0046.jpg,1,,,,,92.83799722222221,135.73363055555555,0.42

41,right/right_image_0047.jpg,1,,,,,92.745825,135.77271388888892,0.42

42,right/right_image_0049.jpg,1,,,,,92.46723611111112,135.89003888888888,0.42

43,right/right_image_0050.jpg,1,,,,,92.11056944444444,136.00559722222224,0.42

44,right/right_image_0051.jpg,1,,,,,92.07557777777778,136.02005555555556,0.42

45,right/right_image_0052.jpg,1,,,,,92.02211388888888,136.04179722222221,0.42

46,right/right_image_0053.jpg,1,,,,,91.71150555555556,136.17130833333331,0.42

47,right/right_image_0054.jpg,1,,,,,91.58200555555555,136.2280888888889,0.42

48,right/right_image_0055.jpg,1,,,,,91.36466944444444,136.34637222222224,0.42

49,right/right_image_0056.jpg,1,,,,,91.31939444444444,136.4012666666667,0.42

50,right/right_image_0057.jpg,1,,,,,91.21764166666667,136.48379722222222,0.42

51,right/right_image_0058.jpg,1,,,,,91.18893611111112,136.50761111111112,0.42

52,right/right_image_0059.jpg,1,,,,,91.00534722222223,136.68507222222223,0.42

53,right/right_image_0060.jpg,1,,,,,90.87640833333333,136.81959444444445,0.42

54,right/right_image_0061.jpg,1,,,,,90.77075555555555,136.92267777777778,0.42

55,right/right_image_0062.jpg,1,,,,,90.57018611111111,137.09396944444444,0.42

56,right/right_image_0063.jpg,1,,,,,90.54960833333332,137.1800361111111,0.42

57,right/right_image_0064.jpg,1,,,,,90.29724722222223,137.3239888888889,0.42

58,right/right_image_0065.jpg,1,,,,,90.58824722222222,136.98148055555555,0.42

59,right/right_image_0066.jpg,1,,,,,90.36226111111111,137.11209722222222,0.42

60,right/right_image_0067.jpg,1,,,,,90.27381388888888,137.16377222222224,0.42

61,right/right_image_0068.jpg,1,,,,,90.14659722222223,137.2376861111111,0.42

62,right/right_image_0069.jpg,1,,,,,89.91844444444445,137.39728055555554,0.42

63,right/right_image_0070.jpg,1,,,,,89.86497777777777,137.42891944444443,0.42

64,right/right_image_0071.jpg,1,,,,,89.61679722222222,137.57495277777778,0.42

65,right/right_image_0072.jpg,1,,,,,89.46013333333333,137.66653611111113,0.42

66,right/right_image_0073.jpg,1,,,,,89.37825277777777,137.71453888888888,0.42

67,right/right_image_0074.jpg,1,,,,,89.25938888888889,137.78421944444443,0.42

68,right/right_image_0075.jpg,1,,,,,89.06820277777777,137.87222222222223,0.42

69,right/right_image_0076.jpg,1,,,,,88.84831944444444,137.98566111111109,0.42

70,right/right_image_0077.jpg,1,,,,,88.62675277777777,138.07732222222222,0.42

71,right/right_image_0078.jpg,1,,,,,88.55449722222222,138.09667777777778,0.42

72,right/right_image_0079.jpg,1,,,,,88.32381111111111,138.13920833333333,0.42

73,right/right_image_0080.jpg,1,,,,,88.06826111111111,138.20558888888888,0.42

74,right/right_image_0081.jpg,1,,,,,87.94089444444445,138.22031944444444,0.42

75,right/right_image_0082.jpg,1,,,,,87.8858388888889,138.2292361111111,0.42

76,right/right_image_0083.jpg,1,,,,,87.58101944444444,138.27782222222223,0.42

77,right/right_image_0084.jpg,1,,,,,87.52886111111111,138.2906638888889,0.42

78,right/right_image_0085.jpg,1,,,,,87.2338,138.3285222222222,0.42

79,right/right_image_0086.jpg,1,,,,,87.11739444444444,138.36068055555555,0.42

80,right/right_image_0087.jpg,1,,,,,87.06589722222222,138.37341111111112,0.42

81,right/right_image_0088.jpg,1,,,,,86.85228055555555,138.45729166666666,0.42

82,right/right_image_0089.jpg,1,,,,,86.55702777777778,138.57351944444443,0.42

83,right/right_image_0090.jpg,1,,,,,86.42409722222223,138.62775555555555,0.42

84,right/right_image_0091.jpg,1,,,,,86.28571111111111,138.6842388888889,0.42

85,right/right_image_0092.jpg,1,,,,,85.94915277777778,138.84187222222224,0.42

86,right/right_image_0093.jpg,1,,,,,85.73308055555556,138.92652777777778,0.42

87,right/right_image_0094.jpg,1,,,,,85.58195555555555,138.98276666666666,0.42

88,right/right_image_0095.jpg,1,,,,,85.51634166666666,139.00627777777777,0.42

89,right/right_image_0096.jpg,1,,,,,85.23936388888889,139.10256944444444,0.42

90,right/right_image_0097.jpg,1,,,,,85.14696666666667,139.17422777777776,0.42

91,right/right_image_0098.jpg,1,,,,,84.88776111111112,139.03341388888887,0.42

92,right/right_image_0099.jpg,1,,,,,84.75296388888889,139.0718611111111,0.42

93,right/right_image_0100.jpg,1,,,,,84.47575833333333,139.1530111111111,0.42

94,right/right_image_0101.jpg,1,,,,,84.37454722222222,139.18231388888887,0.42

95,right/right_image_0102.jpg,1,,,,,84.20043055555556,139.23326944444446,0.42

96,right/right_image_0103.jpg,1,,,,,84.08274444444444,139.26795,0.42

97,right/right_image_0105.jpg,1,,,,,83.63451666666667,139.49038888888887,0.42

98,right/right_image_0106.jpg,1,,,,,83.51148888888889,139.546875,0.42

99,right/right_image_0107.jpg,1,,,,,83.38413611111112,139.6054861111111,0.42

100,right/right_image_0108.jpg,1,,,,,83.22572222222223,139.6790638888889,0.42

101,right/right_image_0109.jpg,1,,,,,83.10167777777777,139.7363361111111,0.42

102,right/right_image_0110.jpg,1,,,,,82.68473611111112,139.77386944444447,0.42

103,right/right_image_0111.jpg,1,,,,,82.48760277777778,139.84625,0.42

104,right/right_image_0112.jpg,1,,,,,82.30592777777777,139.90960833333335,0.42

105,right/right_image_0113.jpg,1,,,,,82.10740555555554,139.97528888888888,0.42

106,right/right_image_0114.jpg,1,,,,,82.01978888888888,140.0325916666667,0.42

107,right/right_image_0115.jpg,1,,,,,81.8239111111111,140.09701111111113,0.42

108,right/right_image_0116.jpg,1,,,,,81.62437777777777,140.16530555555556,0.42

109,right/right_image_0117.jpg,1,,,,,81.46710555555556,140.2307111111111,0.42

110,right/right_image_0118.jpg,1,,,,,81.34946111111111,140.28393888888888,0.42

111,right/right_image_0119.jpg,1,,,,,80.90180000000001,140.55481111111112,0.42

112,right/right_image_0120.jpg,1,,,,,80.87639444444444,140.56800277777776,0.42

113,right/right_image_0121.jpg,1,,,,,80.54575277777778,140.53075833333335,0.42

114,right/right_image_0122.jpg,1,,,,,80.43420833333333,140.56357500000001,0.42

115,right/right_image_0123.jpg,1,,,,,80.24218611111111,140.60640277777776,0.42

116,right/right_image_0124.jpg,1,,,,,80.19006111111112,140.61584444444443,0.42

117,right/right_image_0125.jpg,1,,,,,79.96273055555555,140.68781944444444,0.42

118,right/right_image_0126.jpg,1,,,,,79.86135277777777,140.70700555555555,0.42

119,right/right_image_0127.jpg,1,,,,,79.61960277777777,140.7693777777778,0.42

120,right/right_image_0128.jpg,1,,,,,79.59030555555555,140.77618333333334,0.42

121,right/right_image_0129.jpg,1,,,,,79.50095833333333,140.79932777777776,0.42

122,right/right_image_0130.jpg,1,,,,,79.3551611111111,140.84140833333333,0.42

123,right/right_image_0131.jpg,1,,,,,79.29885555555555,140.85834166666666,0.42

124,right/right_image_0132.jpg,1,,,,,79.08798888888889,140.92253888888888,0.42

125,right/right_image_0133.jpg,1,,,,,79.01681111111111,141.02043333333336,0.42

126,right/right_image_0134.jpg,1,,,,,78.86762777777777,141.05210555555556,0.42

127,right/right_image_0135.jpg,1,,,,,78.71909722222222,141.10771944444443,0.42

128,right/right_image_0136.jpg,1,,,,,78.67603333333334,141.12507222222223,0.42

129,right/right_image_0137.jpg,1,,,,,78.60111388888889,141.15457777777777,0.42

130,right/right_image_0138.jpg,1,,,,,78.33521111111111,141.25451388888888,0.42

131,right/right_image_0139.jpg,1,,,,,78.0676111111111,141.37604444444446,0.42

132,right/right_image_0140.jpg,1,,,,,77.99525555555556,141.40379722222224,0.42

133,right/right_image_0141.jpg,1,,,,,77.89646666666667,141.44194166666668,0.42

134,right/right_image_0142.jpg,1,,,,,77.71886388888889,141.5103861111111,0.42

135,right/right_image_0143.jpg,1,,,,,77.5739611111111,141.56447222222224,0.42

136,right/right_image_0144.jpg,1,,,,,77.5073388888889,141.58948055555555,0.42

137,right/right_image_0145.jpg,1,,,,,77.39865833333334,141.62996666666666,0.42

138,right/right_image_0146.jpg,1,,,,,77.2479,141.68606666666668,0.42

139,right/right_image_0147.jpg,1,,,,,77.21451666666667,141.6982888888889,0.42

140,right/right_image_0148.jpg,1,,,,,77.11511944444445,141.7989472222222,0.42

141,right/right_image_0149.jpg,1,,,,,76.90645555555557,141.88184444444445,0.42

142,right/right_image_0150.jpg,1,,,,,76.84173055555556,141.90693055555556,0.42

143,right/right_image_0151.jpg,1,,,,,76.73831944444444,141.83850555555557,0.42

144,right/right_image_0152.jpg,1,,,,,76.61330555555556,141.88401944444445,0.42

145,right/right_image_0153.jpg,1,,,,,76.53846944444444,141.91563611111113,0.42

146,right/right_image_0154.jpg,1,,,,,76.42201111111112,141.96324444444443,0.42

147,right/right_image_0155.jpg,1,,,,,76.2995,142.01286666666667,0.42

148,right/right_image_0156.jpg,1,,,,,76.0920861111111,142.10678055555556,0.42

149,right/right_image_0157.jpg,1,,,,,76.03753888888889,142.12961111111113,0.42

150,right/right_image_0158.jpg,1,,,,,75.91049722222223,142.18186944444443,0.42

151,right/right_image_0159.jpg,1,,,,,75.78685555555555,142.2330388888889,0.42

152,right/right_image_0160.jpg,1,,,,,75.650525,142.2876388888889,0.42

153,right/right_image_0161.jpg,1,,,,,75.54807222222222,142.32104444444445,0.42

154,right/right_image_0162.jpg,1,,,,,75.36183055555556,142.37136944444444,0.42

155,right/right_image_0165.jpg,1,,,,,74.85482777777777,142.63076111111113,0.42

156,right/right_image_0166.jpg,1,,,,,74.36609444444444,142.78603611111112,0.42

157,right/right_image_0167.jpg,1,,,,,74.32745555555555,142.8003388888889,0.42

158,right/right_image_0168.jpg,1,,,,,74.22162222222222,142.8484638888889,0.42

159,right/right_image_0169.jpg,1,,,,,74.09388333333332,142.9215111111111,0.42

160,right/right_image_0170.jpg,1,,,,,73.96439444444445,142.98285555555555,0.42

161,right/right_image_0171.jpg,1,,,,,73.83583888888889,143.04607222222222,0.42

162,right/right_image_0172.jpg,1,,,,,73.72825277777778,143.09848333333335,0.42

163,right/right_image_0173.jpg,1,,,,,73.45505,143.23018611111112,0.42

164,right/right_image_0174.jpg,1,,,,,73.31055555555555,143.29505277777778,0.42

165,right/right_image_0175.jpg,1,,,,,73.12722777777778,143.41266944444445,0.42

166,right/right_image_0176.jpg,1,,,,,72.84155277777778,143.36719444444446,0.42

167,right/right_image_0177.jpg,1,,,,,72.7581,143.3928138888889,0.42

168,right/right_image_0178.jpg,1,,,,,72.58494444444445,143.44074722222223,0.42

169,right/right_image_0179.jpg,1,,,,,72.58164722222222,143.4408888888889,0.42

170,right/right_image_0180.jpg,1,,,,,72.4837111111111,143.46808333333334,0.42

171,right/right_image_0181.jpg,1,,,,,72.27433055555555,143.53219722222224,0.42

172,right/right_image_0182.jpg,1,,,,,72.14816666666667,143.55780833333336,0.42

173,right/right_image_0183.jpg,1,,,,,72.07523611111111,143.5698611111111,0.42

174,right/right_image_0184.jpg,1,,,,,71.93975277777778,143.58681666666666,0.42

175,right/right_image_0186.jpg,1,,,,,71.29557222222222,143.58268055555556,0.42

176,right/right_image_0187.jpg,1,,,,,70.8527861111111,143.43069722222222,0.42

177,right/right_image_0188.jpg,1,,,,,70.77055833333333,143.38918055555555,0.42

178,right/right_image_0189.jpg,1,,,,,70.64968888888889,143.32176944444444,0.42

179,right/right_image_0190.jpg,1,,,,,70.50483055555556,143.3159277777778,0.42

180,right/right_image_0194.jpg,1,,,,,70.50636666666666,143.4561361111111,0.42

181,right/right_image_0195.jpg,1,,,,,70.33451111111111,143.3596111111111,0.42

182,right/right_image_0196.jpg,1,,,,,70.19844722222223,143.2689388888889,0.42

183,right/right_image_0197.jpg,1,,,,,70.11006388888889,143.2135972222222,0.42

184,right/right_image_0198.jpg,1,,,,,70.05977222222222,143.1841861111111,0.42

185,right/right_image_0199.jpg,1,,,,,70.03761944444445,143.17218055555554,0.42

186,right/right_image_0200.jpg,1,,,,,69.69972222222222,142.99187777777777,0.42

187,right/right_image_0201.jpg,1,,,,,69.60344722222221,142.6404111111111,0.42

188,right/right_image_0202.jpg,1,,,,,69.51125555555555,142.57459444444444,0.42

189,right/right_image_0203.jpg,1,,,,,69.3561361111111,142.4595,0.42

190,right/right_image_0204.jpg,1,,,,,69.271925,142.3691138888889,0.42

191,right/right_image_0205.jpg,1,,,,,69.22482777777778,142.32250833333333,0.42

192,right/right_image_0206.jpg,1,,,,,69.17677777777779,142.27323333333334,0.42

193,right/right_image_0207.jpg,1,,,,,69.01175,142.10461666666666,0.42

194,right/right_image_0208.jpg,1,,,,,69.01325555555556,142.10506944444444,0.42

195,right/right_image_0209.jpg,1,,,,,68.93510277777779,142.00881944444444,0.42

196,right/right_image_0210.jpg,1,,,,,68.8468361111111,141.89978055555554,0.42

197,right/right_image_0211.jpg,1,,,,,68.82505833333333,141.871325,0.42

198,right/right_image_0212.jpg,1,,,,,68.76731388888889,141.7964638888889,0.42

199,right/right_image_0213.jpg,1,,,,,68.64370555555556,141.6268638888889,0.42

200,right/right_image_0214.jpg,1,,,,,68.62581666666667,141.60090277777778,0.42

201,right/right_image_0215.jpg,1,,,,,68.58419166666665,141.5406,0.42

202,right/right_image_0216.jpg,1,,,,,68.42328055555556,141.39476666666667,0.42

203,right/right_image_0217.jpg,1,,,,,68.33081944444444,141.27793611111113,0.42

204,right/right_image_0218.jpg,1,,,,,68.27956111111111,141.21515833333333,0.42

205,right/right_image_0219.jpg,1,,,,,68.23644722222222,141.1632666666667,0.42

206,right/right_image_0220.jpg,1,,,,,68.16483055555557,141.08859444444445,0.42

207,right/right_image_0221.jpg,1,,,,,67.85240833333333,141.12251944444446,0.42

208,right/right_image_0222.jpg,1,,,,,67.51786944444444,140.8568111111111,0.42

209,right/right_image_0224.jpg,1,,,,,67.32943055555555,140.71692777777778,0.42

210,right/right_image_0225.jpg,1,,,,,67.16027777777778,140.52454444444444,0.42

211,right/right_image_0226.jpg,1,,,,,67.00652222222222,140.33404444444446,0.42

212,right/right_image_0227.jpg,1,,,,,66.94202222222222,140.25069166666665,0.42

213,right/right_image_0228.jpg,1,,,,,66.78317222222222,140.06898055555556,0.42

214,right/right_image_0229.jpg,1,,,,,66.37713888888888,139.72769722222222,0.42

215,right/right_image_0230.jpg,1,,,,,66.33359722222222,139.67674722222222,0.42

216,right/right_image_0231.jpg,1,,,,,66.32865,139.66940555555556,0.42

217,right/right_image_0232.jpg,1,,,,,66.09994444444445,139.40307777777778,0.42

218,right/right_image_0233.jpg,1,,,,,66.0299111111111,139.32739444444445,0.42

219,right/right_image_0234.jpg,1,,,,,65.73609722222223,139.10218055555555,0.42

220,right/right_image_0235.jpg,1,,,,,65.63994444444445,139.0467972222222,0.42

221,right/right_image_0236.jpg,1,,,,,65.53419722222222,138.97328611111112,0.42

222,right/right_image_0237.jpg,1,,,,,65.41936944444446,138.89977777777776,0.42

223,right/right_image_0238.jpg,1,,,,,65.18645277777779,138.74038888888887,0.42

224,right/right_image_0239.jpg,1,,,,,64.95546388888889,138.5552138888889,0.42

225,right/right_image_0240.jpg,1,,,,,64.82323055555555,138.4399888888889,0.42

226,right/right_image_0241.jpg,1,,,,,64.15504166666668,138.04719444444444,0.42

227,right/right_image_0242.jpg,1,,,,,64.00356388888889,137.90973888888888,0.42

228,right/right_image_0243.jpg,1,,,,,63.73920555555556,137.66760277777777,0.42

229,right/right_image_0246.jpg,1,,,,,63.303602777777776,137.27935000000002,0.42

230,right/right_image_0247.jpg,1,,,,,63.25280277777778,137.2387861111111,0.42

231,right/right_image_0249.jpg,1,,,,,63.02551388888889,137.05160833333335,0.42

232,right/right_image_0250.jpg,1,,,,,62.77809444444444,136.91599722222222,0.42

233,right/right_image_0251.jpg,1,,,,,62.616511111111116,136.78146111111113,0.42

234,right/right_image_0252.jpg,1,,,,,62.52964722222222,136.7085972222222,0.42

235,right/right_image_0253.jpg,1,,,,,62.40615555555556,136.6050138888889,0.42

236,right/right_image_0254.jpg,1,,,,,62.21932777777778,136.4448361111111,0.42

237,right/right_image_0255.jpg,1,,,,,62.19435277777777,136.42172777777776,0.42

238,right/right_image_0256.jpg,1,,,,,62.14353611111111,136.3748888888889,0.42

239,right/right_image_0257.jpg,1,,,,,62.01379722222222,136.25577777777778,0.42

240,right/right_image_0258.jpg,1,,,,,61.99659444444445,136.2404472222222,0.42

241,right/right_image_0259.jpg,1,,,,,61.91644722222222,136.16488611111112,0.42

242,right/right_image_0260.jpg,1,,,,,61.76685277777778,136.01993055555556,0.42

243,right/right_image_0261.jpg,1,,,,,61.699194444444444,135.95903888888887,0.42

244,right/right_image_0262.jpg,1,,,,,61.33490833333334,135.612675,0.42

245,right/right_image_0263.jpg,1,,,,,61.285244444444444,135.5661027777778,0.42

246,right/right_image_0264.jpg,1,,,,,61.16041944444444,135.43646111111113,0.42

247,right/right_image_0265.jpg,1,,,,,61.08634444444445,135.35452222222222,0.42

248,right/right_image_0266.jpg,1,,,,,60.93659444444444,135.15548611111112,0.42

249,right/right_image_0267.jpg,1,,,,,60.88126388888889,135.05364444444444,0.42

250,right/right_image_0269.jpg,1,,,,,60.761630555555556,134.83849444444445,0.42

251,right/right_image_0270.jpg,1,,,,,60.64910277777778,134.62949444444445,0.42

252,right/right_image_0271.jpg,1,,,,,60.50570555555556,134.3247027777778,0.42

253,right/right_image_0272.jpg,1,,,,,60.44645833333333,134.09406944444444,0.42

254,right/right_image_0273.jpg,1,,,,,60.448055555555555,134.09093333333334,0.42

255,right/right_image_0274.jpg,1,,,,,60.27887777777778,133.8158388888889,0.42

256,right/right_image_0275.jpg,1,,,,,60.21543888888889,133.59190555555557,0.42

257,right/right_image_0276.jpg,1,,,,,60.15849444444444,133.40509722222222,0.42

258,right/right_image_0277.jpg,1,,,,,60.09214722222222,133.17946388888888,0.42

259,right/right_image_0278.jpg,1,,,,,60.06639444444444,133.09635833333334,0.42

260,right/right_image_0279.jpg,1,,,,,59.98585833333333,132.82913055555557,0.42

261,right/right_image_0280.jpg,1,,,,,59.907383333333335,132.55983333333336,0.42

262,right/right_image_0281.jpg,1,,,,,59.873222222222225,132.4574611111111,0.42

263,right/right_image_0282.jpg,1,,,,,59.82279444444445,132.3143527777778,0.42

264,right/right_image_0284.jpg,1,,,,,59.63650555555556,131.80264722222222,0.42

265,right/right_image_0285.jpg,1,,,,,59.559263888888886,131.55734444444445,0.42

266,right/right_image_0286.jpg,1,,,,,59.53674722222222,131.81020555555557,0.42

267,right/right_image_0287.jpg,1,,,,,59.48638611111111,131.67806944444445,0.42

268,right/right_image_0288.jpg,1,,,,,59.41778055555555,131.50820833333333,0.42

269,right/right_image_0289.jpg,1,,,,,59.314566666666664,131.2571027777778,0.42

270,right/right_image_0290.jpg,1,,,,,59.16766388888889,130.8997,0.42

271,right/right_image_0291.jpg,1,,,,,59.07627777777778,130.60412777777776,0.42

272,right/right_image_0292.jpg,1,,,,,59.067638888888894,130.57364444444445,0.42

273,right/right_image_0293.jpg,1,,,,,59.0084,130.38033611111112,0.42

274,right/right_image_0294.jpg,1,,,,,58.98853611111111,130.32,0.42

275,right/right_image_0295.jpg,1,,,,,58.95728611111112,130.2290111111111,0.42

276,right/right_image_0296.jpg,1,,,,,58.81756388888889,129.91518333333335,0.42

277,right/right_image_0297.jpg,1,,,,,58.66661111111111,129.92722777777777,0.42

278,right/right_image_0298.jpg,1,,,,,58.562225,129.73913888888887,0.42

279,right/right_image_0299.jpg,1,,,,,58.557849999999995,129.73090277777777,0.42

280,right/right_image_0300.jpg,1,,,,,58.47945555555556,129.58639444444447,0.42

281,right/right_image_0301.jpg,1,,,,,58.4579,129.547125,0.42

282,right/right_image_0302.jpg,1,,,,,58.42171666666666,129.48059444444445,0.42

283,right/right_image_0303.jpg,1,,,,,58.28187222222222,129.18139722222222,0.42

284,right/right_image_0304.jpg,1,,,,,58.18279722222222,128.9653611111111,0.42

285,right/right_image_0305.jpg,1,,,,,58.0573,128.67981388888887,0.42

286,right/right_image_0306.jpg,1,,,,,57.98346388888889,128.50875277777777,0.42

287,right/right_image_0307.jpg,1,,,,,57.99093055555556,128.13765555555554,0.42

288,right/right_image_0308.jpg,1,,,,,57.90672222222222,127.9084,0.42

289,right/right_image_0309.jpg,1,,,,,57.781755555555556,127.57802777777778,0.42

290,right/right_image_0310.jpg,1,,,,,57.75539722222222,127.50765555555556,0.42

291,right/right_image_0312.jpg,1,,,,,57.66347777777778,127.20860555555556,0.42

292,right/right_image_0314.jpg,1,,,,,57.59530277777778,126.98088055555556,0.42

293,right/right_image_0315.jpg,1,,,,,57.53776944444444,126.77728611111111,0.42

294,right/right_image_0316.jpg,1,,,,,57.50683055555555,126.65979444444444,0.42

295,right/right_image_0317.jpg,1,,,,,57.48857777777778,126.59361944444444,0.42

296,right/right_image_0318.jpg,1,,,,,57.429249999999996,126.37633333333332,0.42

297,right/right_image_0319.jpg,1,,,,,57.427813888888885,126.37255833333333,0.42

298,right/right_image_0320.jpg,1,,,,,57.37945277777778,125.84982222222222,0.42

299,right/right_image_0321.jpg,1,,,,,57.373736111111114,125.83622777777778,0.42

300,right/right_image_0322.jpg,1,,,,,57.329525000000004,125.6904138888889,0.42

301,right/right_image_0323.jpg,1,,,,,57.269977777777775,125.49025277777778,0.42

302,right/right_image_0324.jpg,1,,,,,57.24650277777778,125.4114138888889,0.42

303,right/right_image_0325.jpg,1,,,,,57.23733611111111,125.37949722222221,0.42

304,right/right_image_0326.jpg,1,,,,,57.21624444444445,125.30981388888888,0.42

305,right/right_image_0327.jpg,1,,,,,57.16331388888889,125.13640277777779,0.42

306,right/right_image_0328.jpg,1,,,,,57.137902777777775,125.02778333333333,0.42

307,right/right_image_0329.jpg,1,,,,,57.13314444444445,125.0137,0.42

308,right/right_image_0330.jpg,1,,,,,57.08195555555556,124.87258055555554,0.42

309,right/right_image_0331.jpg,1,,,,,57.04559444444444,124.77685555555556,0.42

310,right/right_image_0332.jpg,1,,,,,57.033225,124.74374444444445,0.42

311,right/right_image_0333.jpg,1,,,,,56.97049444444445,124.582375,0.42

312,right/right_image_0334.jpg,1,,,,,56.94425277777778,124.51707777777777,0.42

313,right/right_image_0335.jpg,1,,,,,56.90539722222222,124.42010555555557,0.42

314,right/right_image_0336.jpg,1,,,,,56.852919444444446,124.28693888888888,0.42

315,right/right_image_0337.jpg,1,,,,,56.809025,124.17719722222223,0.42

316,right/right_image_0338.jpg,1,,,,,56.76697222222222,124.07377222222222,0.42

317,right/right_image_0339.jpg,1,,,,,56.50178611111111,123.99221111111112,0.42

318,right/right_image_0340.jpg,1,,,,,56.48348611111111,123.94430277777778,0.42

319,right/right_image_0341.jpg,1,,,,,56.469969444444445,123.91005277777778,0.42

320,right/right_image_0342.jpg,1,,,,,56.44495833333333,123.84658055555555,0.42

321,right/right_image_0343.jpg,1,,,,,56.38220833333333,123.68337777777778,0.42

322,right/right_image_0344.jpg,1,,,,,56.36001944444445,123.62362222222221,0.42

323,right/right_image_0346.jpg,1,,,,,56.33905555555556,123.56657222222222,0.42

324,right/right_image_0347.jpg,1,,,,,56.22687222222223,123.25195555555555,0.42

325,right/right_image_0348.jpg,1,,,,,56.20269444444445,123.16792777777778,0.42

326,right/right_image_0351.jpg,1,,,,,56.16548888888889,123.06252222222221,0.42

327,right/right_image_0352.jpg,1,,,,,56.11841944444444,122.92774444444444,0.42

328,right/right_image_0353.jpg,1,,,,,55.86309722222222,122.23892777777777,0.42

329,right/right_image_0354.jpg,1,,,,,55.80947222222222,122.05946388888889,0.42

330,right/right_image_0355.jpg,1,,,,,55.73705555555556,122.04093888888889,0.42

331,right/right_image_0356.jpg,1,,,,,55.641305555555554,121.79777777777778,0.42

332,right/right_image_0359.jpg,1,,,,,55.54613611111111,121.55969722222223,0.42

333,right/right_image_0360.jpg,1,,,,,55.499697222222224,121.44805555555556,0.42

334,right/right_image_0361.jpg,1,,,,,55.45751944444445,121.32940833333333,0.42

335,right/right_image_0362.jpg,1,,,,,55.43017777777778,121.25830555555555,0.42

336,right/right_image_0363.jpg,1,,,,,55.41408888888889,121.21681944444444,0.42

337,right/right_image_0364.jpg,1,,,,,55.38076944444445,121.12980555555555,0.42

338,right/right_image_0365.jpg,1,,,,,55.311730555555556,120.94431666666667,0.42

339,right/right_image_0366.jpg,1,,,,,55.26389722222222,120.81338055555555,0.42

340,right/right_image_0368.jpg,1,,,,,55.23050833333333,120.72101111111111,0.42

341,right/right_image_0369.jpg,1,,,,,55.16568611111111,120.53621666666666,0.42

342,right/right_image_0370.jpg,1,,,,,54.863994444444444,120.25810833333334,0.42

343,right/right_image_0371.jpg,1,,,,,54.83021388888889,120.16658055555556,0.42

344,right/right_image_0373.jpg,1,,,,,54.80181388888889,120.08622222222222,0.42

345,right/right_image_0374.jpg,1,,,,,54.724047222222225,119.86561388888889,0.42

346,right/right_image_0375.jpg,1,,,,,54.668905555555554,119.71165833333333,0.42

347,right/right_image_0376.jpg,1,,,,,54.61977777777778,119.57973888888888,0.42

348,right/right_image_0377.jpg,1,,,,,54.614666666666665,119.52069722222222,0.42

349,right/right_image_0378.jpg,1,,,,,54.58244722222223,119.43218611111112,0.42

350,right/right_image_0379.jpg,1,,,,,54.565263888888886,119.38612222222223,0.42

351,right/right_image_0380.jpg,1,,,,,54.43793611111111,119.0578,0.42

352,right/right_image_0381.jpg,1,,,,,54.41880555555555,119.00772777777777,0.42

353,right/right_image_0382.jpg,1,,,,,54.41309722222222,118.99276111111111,0.42

354,right/right_image_0383.jpg,1,,,,,54.34832222222222,118.8344861111111,0.42

355,right/right_image_0384.jpg,1,,,,,54.30341111111111,118.74255555555555,0.42

356,right/right_image_0385.jpg,1,,,,,54.25799166666667,118.65379722222222,0.42

357,right/right_image_0387.jpg,1,,,,,54.31348055555555,118.46416666666667,0.42

358,right/right_image_0389.jpg,1,,,,,54.312749999999994,118.46428611111111,0.42

359,right/right_image_0390.jpg,1,,,,,54.315302777777774,118.4718388888889,0.42

360,right/right_image_0391.jpg,1,,,,,54.317686111111115,118.47874166666666,0.42

361,right/right_image_0392.jpg,1,,,,,54.31803333333334,118.47972777777778,0.42

362,right/right_image_0394.jpg,1,,,,,54.32468055555556,118.48341666666667,0.42

363,right/right_image_0395.jpg,1,,,,,54.324713888888894,118.48351944444444,0.42

364,right/right_image_0396.jpg,1,,,,,54.32471944444445,118.48353888888889,0.42

365,right/right_image_0397.jpg,1,,,,,54.32477777777778,118.48368611111111,0.42

366,right/right_image_0398.jpg,1,,,,,54.33238055555556,118.48797222222223,0.42

367,right/right_image_0399.jpg,1,,,,,54.27175833333333,118.29512222222222,0.42

368,right/right_image_0400.jpg,1,,,,,54.271852777777774,118.29534722222222,0.42

369,right/right_image_0401.jpg,1,,,,,54.271788888888885,118.29519444444445,0.42

370,right/right_image_0402.jpg,1,,,,,54.271794444444446,118.29520555555555,0.42

371,right/right_image_0404.jpg,1,,,,,54.27483888888889,118.29751388888889,0.42

372,right/right_image_0405.jpg,1,,,,,54.27484444444444,118.29752777777777,0.42

373,right/right_image_0406.jpg,1,,,,,54.27483333333333,118.29750555555556,0.42

374,right/right_image_0407.jpg,1,,,,,54.279313888888886,118.30153055555556,0.42

375,right/right_image_0408.jpg,1,,,,,54.279313888888886,118.30153055555556,0.42

376,right/right_image_0409.jpg,1,,,,,54.24659444444445,118.22016388888889,0.42

377,right/right_image_0410.jpg,1,,,,,54.246583333333334,118.22014444444444,0.42

378,right/right_image_0411.jpg,1,,,,,54.24658888888889,118.22015555555556,0.42

379,right/right_image_0412.jpg,1,,,,,54.24659444444445,118.22016388888889,0.42

380,right/right_image_0413.jpg,1,,,,,54.24659444444445,118.22016944444445,0.42

381,right/right_image_0414.jpg,1,,,,,54.24658888888889,118.22015555555556,0.42

382,right/right_image_0415.jpg,1,,,,,54.24857222222222,118.22232222222222,0.42

383,right/right_image_0416.jpg,1,,,,,54.24857222222222,118.22231666666667,0.42

384,right/right_image_0417.jpg,1,,,,,54.24857222222222,118.22231666666667,0.42

385,right/right_image_0418.jpg,1,,,,,54.24857222222222,118.22231666666667,0.42

386,right/right_image_0419.jpg,1,,,,,54.24857222222222,118.22231666666667,0.42

387,right/right_image_0420.jpg,1,,,,,54.24857222222222,118.22231666666667,0.42

388,right/right_image_0421.jpg,1,,,,,54.24857222222222,118.22231388888889,0.42

389,right/right_image_0422.jpg,1,,,,,54.24857222222222,118.22231666666667,0.42

390,right/right_image_0423.jpg,1,,,,,54.248577777777776,118.22233055555556,0.42

391,right/right_image_0424.jpg,1,,,,,54.24856944444444,118.22230833333333,0.42

392,right/right_image_0425.jpg,1,,,,,54.252386111111115,118.22659722222222,0.42

393,right/right_image_0426.jpg,1,,,,,54.252386111111115,118.22659722222222,0.42

394,right/right_image_0427.jpg,1,,,,,54.252386111111115,118.22659722222222,0.42

395,right/right_image_0428.jpg,1,,,,,54.240380555555554,118.23199722222222,0.42

396,right/right_image_0429.jpg,1,,,,,54.240380555555554,118.23199722222222,0.42

397,right/right_image_0430.jpg,1,,,,,54.240380555555554,118.23199722222222,0.42

398,right/right_image_0431.jpg,1,,,,,54.240380555555554,118.23199722222222,0.42

399,right/right_image_0432.jpg,1,,,,,54.240380555555554,118.23199722222222,0.42

400,right/right_image_0433.jpg,1,,,,,54.240380555555554,118.23199722222222,0.42

401,right/right_image_0434.jpg,1,,,,,54.24343888888889,118.23360277777778,0.42

402,right/right_image_0435.jpg,1,,,,,54.24343888888889,118.2336,0.42

403,right/right_image_0436.jpg,1,,,,,54.24343611111111,118.23359444444445,0.42

404,right/right_image_0437.jpg,1,,,,,54.23845,118.22063055555556,0.42

405,right/right_image_0438.jpg,1,,,,,54.22929722222222,118.19570277777778,0.42

406,right/right_image_0439.jpg,1,,,,,54.221625,118.1741138888889,0.42

407,right/right_image_0440.jpg,1,,,,,54.204797222222226,118.13200833333333,0.42

408,right/right_image_0441.jpg,1,,,,,54.18761111111111,118.09055833333333,0.42

409,right/right_image_0442.jpg,1,,,,,54.13193888888889,117.94492222222223,0.42

410,right/right_image_0443.jpg,1,,,,,54.08883055555556,117.83503055555555,0.42

411,right/right_image_0444.jpg,1,,,,,53.93819722222222,117.45308611111112,0.42

412,right/right_image_0445.jpg,1,,,,,53.80501388888889,117.25458888888889,0.42

413,right/right_image_0446.jpg,1,,,,,53.70883055555556,117.06446666666666,0.42

414,right/right_image_0447.jpg,1,,,,,53.48464444444445,116.63400555555556,0.42

415,right/right_image_0448.jpg,1,,,,,53.326661111111115,116.32690277777778,0.42

416,right/right_image_0451.jpg,1,,,,,53.24011111111111,116.15415,0.42

417,right/right_image_0453.jpg,1,,,,,53.16031944444444,115.88298888888889,0.42

418,right/right_image_0454.jpg,1,,,,,53.083558333333336,115.67209722222222,0.42

419,right/right_image_0455.jpg,1,,,,,53.05029722222222,115.57758888888888,0.42

420,right/right_image_0456.jpg,1,,,,,53.02978888888889,115.51442222222222,0.42

421,right/right_image_0457.jpg,1,,,,,52.895741666666666,115.35117777777778,0.42

422,right/right_image_0458.jpg,1,,,,,52.788466666666665,115.06997777777778,0.42

423,right/right_image_0459.jpg,1,,,,,52.77796111111111,115.04173888888889,0.42

424,right/right_image_0460.jpg,1,,,,,52.77046111111111,115.01922777777777,0.42

425,right/right_image_0461.jpg,1,,,,,52.737541666666665,114.9260888888889,0.42

426,right/right_image_0462.jpg,1,,,,,52.69917777777778,114.83780277777777,0.42

427,right/right_image_0463.jpg,1,,,,,52.657738888888886,114.7371388888889,0.42

428,right/right_image_0464.jpg,1,,,,,52.573061111111116,114.53535555555555,0.42

429,right/right_image_0465.jpg,1,,,,,52.47856388888889,114.30787777777778,0.42

430,right/right_image_0466.jpg,1,,,,,52.41596111111111,114.1522138888889,0.42

431,right/right_image_0467.jpg,1,,,,,52.40537777777778,114.12593055555556,0.42

432,right/right_image_0468.jpg,1,,,,,52.37800277777778,114.02959722222222,0.42

433,right/right_image_0469.jpg,1,,,,,52.32618611111111,113.89889444444445,0.42

434,right/right_image_0470.jpg,1,,,,,52.284794444444444,113.80589444444445,0.42

435,right/right_image_0471.jpg,1,,,,,52.25706666666667,113.742375,0.42

436,right/right_image_0472.jpg,1,,,,,52.21462777777778,113.64552222222223,0.42

437,right/right_image_0473.jpg,1,,,,,52.119194444444446,113.42944722222222,0.42

438,right/right_image_0474.jpg,1,,,,,51.994255555555554,113.36301944444443,0.42

439,right/right_image_0475.jpg,1,,,,,51.98641388888889,113.34282222222222,0.42

440,right/right_image_0476.jpg,1,,,,,51.96789722222223,113.29280555555556,0.42

441,right/right_image_0477.jpg,1,,,,,51.949802777777776,113.24505555555555,0.42

442,right/right_image_0478.jpg,1,,,,,51.877433333333336,113.05769444444444,0.42

443,right/right_image_0479.jpg,1,,,,,51.85435277777778,112.9900138888889,0.42

444,right/right_image_0480.jpg,1,,,,,51.82096111111112,112.89735555555556,0.42

445,right/right_image_0481.jpg,1,,,,,51.784105555555556,112.79316944444444,0.42

446,right/right_image_0483.jpg,1,,,,,51.71710277777778,112.60234722222222,0.42

447,right/right_image_0484.jpg,1,,,,,51.68071388888889,112.49408611111112,0.42

448,right/right_image_0485.jpg,1,,,,,51.65555277777778,112.4222388888889,0.42

449,right/right_image_0486.jpg,1,,,,,51.6124,112.30874722222222,0.42

450,right/right_image_0487.jpg,1,,,,,51.54969722222222,112.14069722222223,0.42

451,right/right_image_0488.jpg,1,,,,,51.513197222222225,112.05226944444445,0.42

452,right/right_image_0489.jpg,1,,,,,51.50033888888889,112.02271111111111,0.42

453,right/right_image_0490.jpg,1,,,,,51.41779444444444,111.82974166666666,0.42

454,right/right_image_0491.jpg,1,,,,,51.26241111111111,111.4075388888889,0.42

455,right/right_image_0492.jpg,1,,,,,51.23148611111111,111.33060277777777,0.42

456,right/right_image_0493.jpg,1,,,,,51.211222222222226,111.28116388888888,0.42

457,right/right_image_0494.jpg,1,,,,,51.13523055555555,111.076725,0.42

458,right/right_image_0495.jpg,1,,,,,51.05511111111111,110.86866388888889,0.42

459,right/right_image_0496.jpg,1,,,,,51.013086111111114,110.75741111111111,0.42

460,right/right_image_0497.jpg,1,,,,,50.93125833333333,110.54303888888889,0.42

461,right/right_image_0498.jpg,1,,,,,50.85020277777778,110.33404166666666,0.42

462,right/right_image_0499.jpg,1,,,,,50.80103888888888,110.17285833333334,0.42

463,right/right_image_0500.jpg,1,,,,,50.69973333333333,109.91390000000001,0.42

464,right/right_image_0501.jpg,1,,,,,50.660913888888885,109.81699166666667,0.42

465,right/right_image_0502.jpg,1,,,,,50.63019444444444,109.74013611111111,0.42

466,right/right_image_0503.jpg,1,,,,,50.61899722222222,109.67563611111112,0.42

467,right/right_image_0505.jpg,1,,,,,50.49464444444445,109.36834444444443,0.42

468,right/right_image_0507.jpg,1,,,,,50.30264444444444,108.89955,0.42

469,right/right_image_0508.jpg,1,,,,,50.20968333333334,108.67848055555557,0.42

470,right/right_image_0509.jpg,1,,,,,50.203919444444445,108.66401111111112,0.42

471,right/right_image_0510.jpg,1,,,,,50.18675833333333,108.620375,0.42

472,right/right_image_0511.jpg,1,,,,,50.153819444444444,108.5263361111111,0.42

473,right/right_image_0512.jpg,1,,,,,50.11288888888889,108.41338333333334,0.42

474,right/right_image_0513.jpg,1,,,,,50.04591111111111,108.21645277777777,0.42

475,right/right_image_0514.jpg,1,,,,,50.01674444444444,108.087975,0.42

476,right/right_image_0516.jpg,1,,,,,49.95583055555556,107.90368611111111,0.42

477,right/right_image_0517.jpg,1,,,,,49.92384722222222,107.80442222222221,0.42

478,right/right_image_0518.jpg,1,,,,,49.82905277777778,107.77596111111112,0.42

479,right/right_image_0519.jpg,1,,,,,49.80520555555555,107.68151666666667,0.42

480,right/right_image_0520.jpg,1,,,,,49.80831944444444,107.68805833333333,0.42

481,right/right_image_0521.jpg,1,,,,,49.78868611111111,107.60827777777777,0.42

482,right/right_image_0522.jpg,1,,,,,49.72309166666667,107.35322222222221,0.42

483,right/right_image_0523.jpg,1,,,,,49.71376388888889,107.31731111111111,0.42

484,right/right_image_0524.jpg,1,,,,,49.69105555555555,107.20756111111112,0.42

485,right/right_image_0525.jpg,1,,,,,49.63554444444444,106.99551666666667,0.42

486,right/right_image_0526.jpg,1,,,,,49.60653888888889,106.8790111111111,0.42

487,right/right_image_0527.jpg,1,,,,,49.57661388888889,106.75615277777777,0.42

488,right/right_image_0528.jpg,1,,,,,49.48580555555556,106.38941666666668,0.42

489,right/right_image_0529.jpg,1,,,,,49.42318888888889,106.09812222222222,0.42

490,right/right_image_0531.jpg,1,,,,,49.23263611111111,105.68541111111111,0.42

491,right/right_image_0532.jpg,1,,,,,49.23587222222222,105.69742777777778,0.42

492,right/right_image_0533.jpg,1,,,,,49.20981388888889,105.59646944444444,0.42

493,right/right_image_0534.jpg,1,,,,,49.149522222222224,105.37028888888888,0.42

494,right/right_image_0535.jpg,1,,,,,49.08187222222222,105.12331388888889,0.42

495,right/right_image_0536.jpg,1,,,,,49.000369444444445,104.85108888888888,0.42

496,right/right_image_0537.jpg,1,,,,,48.99727777777778,104.84289722222222,0.42

497,right/right_image_0538.jpg,1,,,,,48.96534722222223,104.74188611111111,0.42

498,right/right_image_0539.jpg,1,,,,,48.923563888888886,104.61159444444444,0.42

499,right/right_image_0540.jpg,1,,,,,48.88218055555556,104.47921944444445,0.42

500,right/right_image_0541.jpg,1,,,,,48.858808333333336,104.39329166666667,0.42

501,right/right_image_0542.jpg,1,,,,,48.86451944444445,104.41259444444445,0.42

502,right/right_image_0543.jpg,1,,,,,48.81095277777777,104.2221888888889,0.42

503,right/right_image_0544.jpg,1,,,,,48.73576944444444,103.92588055555557,0.42

504,right/right_image_0545.jpg,1,,,,,48.71505833333334,103.843475,0.42

505,right/right_image_0546.jpg,1,,,,,48.66205,103.64886111111112,0.42

506,right/right_image_0547.jpg,1,,,,,48.652813888888886,103.81315277777777,0.42

507,right/right_image_0548.jpg,1,,,,,48.59334166666667,103.610975,0.42

508,right/right_image_0550.jpg,1,,,,,48.55481111111111,103.49391388888888,0.42

509,right/right_image_0551.jpg,1,,,,,48.545788888888886,103.46590555555557,0.42

510,right/right_image_0552.jpg,1,,,,,48.48894444444444,103.30545277777777,0.42

511,right/right_image_0553.jpg,1,,,,,48.456047222222224,103.21123333333334,0.42

512,right/right_image_0554.jpg,1,,,,,48.43875,103.160075,0.42

513,right/right_image_0555.jpg,1,,,,,48.400866666666666,103.04993888888889,0.42

514,right/right_image_0556.jpg,1,,,,,48.35729444444445,102.92426388888889,0.42

515,right/right_image_0557.jpg,1,,,,,48.289541666666665,102.72921111111111,0.42

516,right/right_image_0558.jpg,1,,,,,48.04501944444444,102.030225,0.42

517,right/right_image_0559.jpg,1,,,,,47.955025000000006,101.76062222222222,0.42

518,right/right_image_0560.jpg,1,,,,,47.93295555555555,101.69540555555555,0.42

519,right/right_image_0561.jpg,1,,,,,47.896655555555554,101.57796944444443,0.42

520,right/right_image_0562.jpg,1,,,,,47.88847222222222,101.54795,0.42

521,right/right_image_0563.jpg,1,,,,,47.86664722222223,101.47534722222223,0.42

522,right/right_image_0564.jpg,1,,,,,47.84362222222222,101.3998888888889,0.42

523,right/right_image_0566.jpg,1,,,,,47.723955555555555,101.00826666666667,0.42

524,right/right_image_0567.jpg,1,,,,,47.64483888888889,100.78696666666667,0.42

525,right/right_image_0568.jpg,1,,,,,47.57971666666667,100.28436111111111,0.42

526,right/right_image_0569.jpg,1,,,,,47.54892777777778,100.19175555555556,0.42

527,right/right_image_0570.jpg,1,,,,,47.499922222222224,100.03516944444445,0.42

528,right/right_image_0571.jpg,1,,,,,47.47063333333333,99.92875277777779,0.42

529,right/right_image_0572.jpg,1,,,,,47.40430555555555,99.73465277777778,0.42

530,right/right_image_0575.jpg,1,,,,,47.05196111111111,98.85631666666666,0.42

531,right/right_image_0576.jpg,1,,,,,46.96854444444445,98.65359166666667,0.42

532,right/right_image_0577.jpg,1,,,,,46.93884166666666,98.58267777777777,0.42

533,right/right_image_0578.jpg,1,,,,,46.89984444444445,98.48998055555556,0.42

534,right/right_image_0579.jpg,1,,,,,46.574647222222225,98.16486388888889,0.42

535,right/right_image_0580.jpg,1,,,,,46.500902777777775,97.95983611111112,0.42

536,right/right_image_0581.jpg,1,,,,,46.47878888888889,97.89474444444446,0.42

537,right/right_image_0582.jpg,1,,,,,46.207750000000004,97.12409444444444,0.42

538,right/right_image_0583.jpg,1,,,,,46.17451111111111,97.03152222222222,0.42

539,right/right_image_0584.jpg,1,,,,,46.10581944444444,96.8364,0.42

540,right/right_image_0585.jpg,1,,,,,46.08998888888889,96.79255277777777,0.42

541,right/right_image_0586.jpg,1,,,,,46.026375,96.63133611111111,0.42

542,right/right_image_0587.jpg,1,,,,,46.01073888888889,96.59285277777778,0.42

543,right/right_image_0589.jpg,1,,,,,45.917338888888885,96.36570277777777,0.42

544,right/right_image_0591.jpg,1,,,,,45.77781111111111,96.13856944444446,0.42

545,right/right_image_0593.jpg,1,,,,,45.74378333333333,96.05341388888888,0.42

546,right/right_image_0595.jpg,1,,,,,44.49124444444445,92.94036666666668,0.42

547,right/right_image_0596.jpg,1,,,,,44.45422777777778,92.84916666666666,0.42

548,right/right_image_0598.jpg,1,,,,,44.26857222222222,92.5184,0.42

549,right/right_image_0599.jpg,1,,,,,44.19951944444444,92.38040833333332,0.42

550,right/right_image_0600.jpg,1,,,,,44.1797,92.35003888888889,0.42

551,right/right_image_0601.jpg,1,,,,,44.14705555555555,92.29411944444445,0.42

552,right/right_image_0602.jpg,1,,,,,44.09833888888889,92.20084722222222,0.42

553,right/right_image_0603.jpg,1,,,,,44.03290555555555,92.08087777777777,0.42

554,right/right_image_0604.jpg,1,,,,,43.899452777777775,91.82302777777777,0.42

555,right/right_image_0606.jpg,1,,,,,43.03275277777778,89.18568888888889,0.42

556,right/right_image_0607.jpg,1,,,,,42.99438055555556,89.07845277777777,0.42

557,right/right_image_0610.jpg,1,,,,,42.80840833333333,88.42241111111112,0.42

558,right/right_image_0611.jpg,1,,,,,42.745330555555554,88.23851388888889,0.42

559,right/right_image_0612.jpg,1,,,,,42.70147777777778,88.1548638888889,0.42

560,right/right_image_0613.jpg,1,,,,,42.65120833333333,88.046675,0.42

561,right/right_image_0614.jpg,1,,,,,42.61876388888889,87.976025,0.42

562,right/right_image_0615.jpg,1,,,,,42.548291666666664,87.82270555555556,0.42

563,right/right_image_0616.jpg,1,,,,,42.51658055555556,87.70974722222222,0.42

564,right/right_image_0617.jpg,1,,,,,42.44429444444444,87.55029444444445,0.42

565,right/right_image_0618.jpg,1,,,,,40.94997222222222,84.380325,0.42

566,right/right_image_0619.jpg,1,,,,,40.91732777777778,84.26051666666666,0.42

567,right/right_image_0621.jpg,1,,,,,40.69243888888889,83.64162777777779,0.42

568,right/right_image_0622.jpg,1,,,,,40.62778888888889,83.43609166666667,0.42

569,right/right_image_0623.jpg,1,,,,,40.60192222222222,83.34911666666666,0.42

570,right/right_image_0624.jpg,1,,,,,40.631236111111114,83.28325555555556,0.42

571,right/right_image_0625.jpg,1,,,,,40.27030833333333,82.63368055555556,0.42

572,right/right_image_0626.jpg,1,,,,,40.26143888888889,82.60887777777778,0.42

573,right/right_image_0628.jpg,1,,,,,39.00643055555555,79.21295555555555,0.42

574,right/right_image_0629.jpg,1,,,,,38.972230555555555,79.11319999999999,0.42

575,right/right_image_0630.jpg,1,,,,,38.887480555555555,78.90261666666667,0.42

576,right/right_image_0631.jpg,1,,,,,38.86830555555556,78.84509722222222,0.42

577,right/right_image_0632.jpg,1,,,,,38.835522222222224,78.73944722222222,0.42

578,right/right_image_0633.jpg,1,,,,,38.747725,78.40010000000001,0.42

579,right/right_image_0634.jpg,1,,,,,38.67671111111111,78.18290555555556,0.42

580,right/right_image_0635.jpg,1,,,,,38.599611111111116,77.95086111111111,0.42

581,right/right_image_0636.jpg,1,,,,,37.648780555555554,75.90394722222223,0.42

582,right/right_image_0637.jpg,1,,,,,37.59886388888889,75.71247777777778,0.42

583,right/right_image_0638.jpg,1,,,,,37.54176666666667,75.58318888888888,0.42

584,right/right_image_0639.jpg,1,,,,,37.50367222222222,75.49564444444445,0.42

585,right/right_image_0640.jpg,1,,,,,37.42306111111111,75.30830277777777,0.42

586,right/right_image_0641.jpg,1,,,,,37.24016388888889,74.86706388888888,0.42

587,right/right_image_0642.jpg,1,,,,,37.172799999999995,74.69847222222222,0.42

588,right/right_image_0643.jpg,1,,,,,37.147061111111114,74.60403333333333,0.42

589,right/right_image_0644.jpg,1,,,,,37.114177777777776,74.52034722222223,0.42

590,right/right_image_0645.jpg,1,,,,,37.061588888888885,74.3743111111111,0.42

591,right/right_image_0647.jpg,1,,,,,36.61636666666667,73.27284166666666,0.42

592,right/right_image_0648.jpg,1,,,,,36.60228888888889,73.19628055555556,0.42

593,right/right_image_0649.jpg,1,,,,,36.593872222222224,73.15435833333333,0.42

594,right/right_image_0650.jpg,1,,,,,36.59426944444445,73.15948611111112,0.42

595,right/right_image_0651.jpg,1,,,,,36.58421111111112,73.13124722222221,0.42

596,right/right_image_0652.jpg,1,,,,,36.533575,72.92767222222223,0.42

597,right/right_image_0653.jpg,1,,,,,36.58493055555556,72.85873888888888,0.42

598,right/right_image_0654.jpg,1,,,,,36.63435555555556,72.80422222222222,0.42

599,right/right_image_0655.jpg,1,,,,,36.63648888888889,72.78422499999999,0.42

600,right/right_image_0656.jpg,1,,,,,36.657688888888885,72.71895277777777,0.42

601,right/right_image_0657.jpg,1,,,,,36.742105555555554,72.53226944444444,0.42

602,right/right_image_0658.jpg,1,,,,,36.79743055555555,72.5204,0.42

603,right/right_image_0659.jpg,1,,,,,36.798474999999996,72.56815,0.42

604,right/right_image_0660.jpg,1,,,,,36.80161944444444,72.55307222222221,0.42

605,right/right_image_0661.jpg,1,,,,,36.833313888888895,72.48643611111112,0.42

606,right/right_image_0662.jpg,1,,,,,37.13636388888889,72.14711666666668,0.42

607,right/right_image_0664.jpg,1,,,,,37.31707777777778,71.86028611111111,0.42

608,right/right_image_0666.jpg,1,,,,,37.604647222222226,71.67113888888889,0.42

609,right/right_image_0668.jpg,1,,,,,38.13788888888889,71.41737222222223,0.42

610,right/right_image_0671.jpg,1,,,,,38.21562222222222,71.38948055555556,0.42

611,right/right_image_0672.jpg,1,,,,,39.26430555555555,70.39149444444445,0.42

612,right/right_image_0673.jpg,1,,,,,39.27548055555555,70.38592222222223,0.42

613,right/right_image_0674.jpg,1,,,,,39.377427777777775,70.33614444444444,0.42

614,right/right_image_0676.jpg,1,,,,,39.93935,70.07963888888888,0.42

615,right/right_image_0677.jpg,1,,,,,40.37983611111111,68.83051111111111,0.42

616,right/right_image_0678.jpg,1,,,,,40.52478611111111,68.764975,0.42

617,right/right_image_0679.jpg,1,,,,,40.59345277777778,68.73301388888889,0.42

618,right/right_image_0680.jpg,1,,,,,40.627294444444445,68.71692222222222,0.42

619,right/right_image_0681.jpg,1,,,,,40.86640555555556,68.59995555555555,0.42

620,right/right_image_0682.jpg,1,,,,,41.00149444444445,68.53073055555555,0.42

621,right/right_image_0683.jpg,1,,,,,41.21035277777778,68.44175277777778,0.42

622,right/right_image_0684.jpg,1,,,,,41.259394444444446,68.18902777777778,0.42

623,right/right_image_0685.jpg,1,,,,,41.37731388888889,68.14210000000001,0.42

624,right/right_image_0686.jpg,1,,,,,41.48193611111111,68.1012361111111,0.42

625,right/right_image_0688.jpg,1,,,,,41.773180555555555,67.98911944444444,0.42

626,right/right_image_0689.jpg,1,,,,,41.93365,67.90979722222222,0.42

627,right/right_image_0690.jpg,1,,,,,41.99003888888889,67.8827,0.42

628,right/right_image_0691.jpg,1,,,,,42.04724722222222,67.85626944444444,0.42

629,right/right_image_0692.jpg,1,,,,,42.12157777777778,67.82166944444444,0.42

630,right/right_image_0693.jpg,1,,,,,42.247730555555556,67.76239166666667,0.42

631,right/right_image_0694.jpg,1,,,,,42.280094444444444,67.74737222222222,0.42

632,right/right_image_0695.jpg,1,,,,,42.473980555555556,67.66019722222222,0.42

633,right/right_image_0696.jpg,1,,,,,42.68366111111111,67.59240555555554,0.42

634,right/right_image_0697.jpg,1,,,,,42.76266388888889,67.5707361111111,0.42

635,right/right_image_0698.jpg,1,,,,,42.942411111111106,67.57859722222221,0.42

636,right/right_image_0699.jpg,1,,,,,43.03717777777778,67.55511944444444,0.42

637,right/right_image_0700.jpg,1,,,,,43.17658333333333,67.52056388888889,0.42

638,right/right_image_0701.jpg,1,,,,,43.232025,67.50470277777778,0.42

639,right/right_image_0702.jpg,1,,,,,43.37003333333333,67.46292777777778,0.42

640,right/right_image_0703.jpg,1,,,,,43.54346111111111,67.40995000000001,0.42

641,right/right_image_0704.jpg,1,,,,,43.65289166666666,67.3755861111111,0.42

642,right/right_image_0705.jpg,1,,,,,43.73493888888889,67.34993055555555,0.42

643,right/right_image_0706.jpg,1,,,,,44.42151944444444,67.02847222222222,0.42

644,right/right_image_0707.jpg,1,,,,,44.49733333333334,66.97771388888889,0.42

645,right/right_image_0708.jpg,1,,,,,44.62346388888889,66.89761111111112,0.42

646,right/right_image_0709.jpg,1,,,,,44.68843611111111,66.85526944444445,0.42

647,right/right_image_0710.jpg,1,,,,,44.816875,66.77147222222222,0.42

648,right/right_image_0712.jpg,1,,,,,45.18977222222222,66.54972222222221,0.42

649,right/right_image_0714.jpg,1,,,,,45.757022222222226,66.72827222222223,0.42

650,right/right_image_0715.jpg,1,,,,,45.881775,66.66968333333334,0.42

651,right/right_image_0716.jpg,1,,,,,45.973819444444445,66.62599444444444,0.42

652,right/right_image_0717.jpg,1,,,,,46.04999722222222,66.5901611111111,0.42

653,right/right_image_0718.jpg,1,,,,,46.23937222222222,66.49809722222223,0.42

654,right/right_image_0719.jpg,1,,,,,46.35384444444445,66.44129722222223,0.42

655,right/right_image_0720.jpg,1,,,,,46.563449999999996,66.33827222222222,0.42

656,right/right_image_0721.jpg,1,,,,,46.6146,66.31323055555555,0.42

657,right/right_image_0722.jpg,1,,,,,46.643188888888886,66.29922777777777,0.42

658,right/right_image_0723.jpg,1,,,,,46.70209166666667,66.27044444444445,0.42

659,right/right_image_0724.jpg,1,,,,,46.77001388888889,66.2373638888889,0.42

660,right/right_image_0725.jpg,1,,,,,46.73546944444445,66.2558138888889,0.42

661,right/right_image_0726.jpg,1,,,,,46.88090277777778,66.39221111111112,0.42

662,right/right_image_0727.jpg,1,,,,,46.889427777777776,66.38768888888889,0.42

663,right/right_image_0728.jpg,1,,,,,46.87220833333333,66.40074444444446,0.42

664,right/right_image_0729.jpg,1,,,,,46.863936111111116,66.40596388888889,0.42

665,right/right_image_0730.jpg,1,,,,,46.85852222222223,66.40871944444444,0.42

666,right/right_image_0731.jpg,1,,,,,46.853680555555556,66.4107638888889,0.42

667,right/right_image_0732.jpg,1,,,,,46.851644444444446,66.41175277777778,0.42

668,right/right_image_0733.jpg,1,,,,,46.85124166666667,66.41194444444444,0.42

669,right/right_image_0734.jpg,1,,,,,46.85050555555556,66.41228611111111,0.42

670,right/right_image_0735.jpg,1,,,,,46.850005555555555,66.41252222222222,0.42

671,right/right_image_0736.jpg,1,,,,,46.84883888888889,66.41306944444445,0.42

672,right/right_image_0737.jpg,1,,,,,46.84851666666667,66.41321666666667,0.42

673,right/right_image_0738.jpg,1,,,,,46.84651388888889,66.41356388888889,0.42

674,right/right_image_0739.jpg,1,,,,,46.84463055555556,66.41443055555555,0.42

675,right/right_image_0740.jpg,1,,,,,46.999452777777776,66.25840555555556,0.42

676,right/right_image_0741.jpg,1,,,,,46.997308333333336,66.25943055555555,0.42

677,right/right_image_0742.jpg,1,,,,,46.99596666666667,66.2600638888889,0.42

678,right/right_image_0743.jpg,1,,,,,46.995622222222224,66.260225,0.42

679,right/right_image_0744.jpg,1,,,,,46.99494166666667,66.26054444444445,0.42

680,right/right_image_0745.jpg,1,,,,,46.992422222222224,66.26172777777778,0.42

681,right/right_image_0747.jpg,1,,,,,47.16030277777778,66.26633888888888,0.42

682,right/right_image_0748.jpg,1,,,,,47.15974722222222,66.2666,0.42

683,right/right_image_0749.jpg,1,,,,,47.15808888888889,66.26738055555555,0.42

684,right/right_image_0750.jpg,1,,,,,47.15373611111111,66.26942777777778,0.42

685,right/right_image_0751.jpg,1,,,,,47.152094444444444,66.2702,0.42

686,right/right_image_0752.jpg,1,,,,,47.15116666666667,66.27063611111112,0.42

687,right/right_image_0753.jpg,1,,,,,47.150663888888886,66.27087222222222,0.42

688,right/right_image_0754.jpg,1,,,,,47.14935555555555,66.27078611111111,0.42

689,right/right_image_0755.jpg,1,,,,,47.20859444444445,66.274275,0.42

690,right/right_image_0756.jpg,1,,,,,47.20879444444445,66.27418055555556,0.42

691,right/right_image_0757.jpg,1,,,,,47.207905555555556,66.27459722222223,0.42

692,right/right_image_0758.jpg,1,,,,,47.20737777777778,66.274425,0.42

693,right/right_image_0760.jpg,1,,,,,47.20549444444445,66.2744388888889,0.42

694,right/right_image_0761.jpg,1,,,,,47.20503611111111,66.27465277777777,0.42

695,right/right_image_0762.jpg,1,,,,,47.238994444444444,66.25131944444445,0.42

696,right/right_image_0763.jpg,1,,,,,47.237969444444445,66.25180277777778,0.42

697,right/right_image_0766.jpg,1,,,,,47.2301,66.25520277777778,0.42

698,right/right_image_0767.jpg,1,,,,,47.22930277777778,66.25490833333333,0.42

699,right/right_image_0769.jpg,1,,,,,47.22971944444445,66.25471388888889,0.42

700,right/right_image_0770.jpg,1,,,,,47.54998611111111,66.1099611111111,0.42

701,right/right_image_0771.jpg,1,,,,,47.59608888888889,66.16442500000001,0.42

702,right/right_image_0772.jpg,1,,,,,47.72695277777778,66.1057,0.42

703,right/right_image_0773.jpg,1,,,,,47.81144166666667,66.06809722222222,0.42

704,right/right_image_0774.jpg,1,,,,,47.906644444444446,66.0241361111111,0.42

705,right/right_image_0775.jpg,1,,,,,47.988661111111114,65.98681944444445,0.42

706,right/right_image_0776.jpg,1,,,,,48.152855555555554,65.91084166666667,0.42

707,right/right_image_0777.jpg,1,,,,,48.16625555555555,65.90471944444445,0.42

708,right/right_image_0778.jpg,1,,,,,48.50118888888889,65.751525,0.42

709,right/right_image_0779.jpg,1,,,,,48.62016944444444,65.55132777777777,0.42

710,right/right_image_0780.jpg,1,,,,,48.71339722222223,65.5064888888889,0.42

711,right/right_image_0781.jpg,1,,,,,48.80294166666666,65.46219444444445,0.42

712,right/right_image_0782.jpg,1,,,,,48.93631111111111,65.39386944444445,0.42

713,right/right_image_0783.jpg,1,,,,,49.05005555555555,65.33617222222222,0.42

714,right/right_image_0784.jpg,1,,,,,49.10946944444444,65.30755555555555,0.42

715,right/right_image_0785.jpg,1,,,,,49.199372222222216,65.26296388888889,0.42

716,right/right_image_0786.jpg,1,,,,,49.266780555555556,65.22924444444445,0.42

717,right/right_image_0787.jpg,1,,,,,49.45093611111111,65.13733055555556,0.42

718,right/right_image_0788.jpg,1,,,,,49.54409722222222,65.09118888888888,0.42

719,right/right_image_0789.jpg,1,,,,,49.621944444444445,65.05223888888888,0.42

720,right/right_image_0791.jpg,1,,,,,50.963591666666666,64.50293333333333,0.42

721,right/right_image_0792.jpg,1,,,,,51.055816666666665,64.45769444444444,0.42

722,right/right_image_0793.jpg,1,,,,,51.12889722222222,64.422275,0.42

723,right/right_image_0794.jpg,1,,,,,51.20632222222223,64.3859638888889,0.42

724,right/right_image_0795.jpg,1,,,,,51.304677777777776,64.33891666666666,0.42

725,right/right_image_0796.jpg,1,,,,,51.525955555555555,64.23911111111111,0.42

726,right/right_image_0797.jpg,1,,,,,51.59411666666667,64.20891111111112,0.42

727,right/right_image_0798.jpg,1,,,,,51.645561111111114,64.18749722222222,0.42

728,right/right_image_0799.jpg,1,,,,,51.829283333333336,64.13966666666667,0.42

729,right/right_image_0800.jpg,1,,,,,51.92378333333333,64.11636944444444,0.42

730,right/right_image_0801.jpg,1,,,,,51.99044444444444,64.0990361111111,0.42

731,right/right_image_0802.jpg,1,,,,,53.65226388888889,63.48600833333334,0.42

732,right/right_image_0803.jpg,1,,,,,53.836169444444444,63.41285833333333,0.42

733,right/right_image_0804.jpg,1,,,,,53.87652222222222,63.39814444444444,0.42

734,right/right_image_0805.jpg,1,,,,,53.96761111111111,63.365452777777776,0.42

735,right/right_image_0806.jpg,1,,,,,54.134477777777775,63.30633333333333,0.42

736,right/right_image_0807.jpg,1,,,,,54.13196388888889,63.30737222222222,0.42

737,right/right_image_0808.jpg,1,,,,,54.194224999999996,63.28466944444444,0.42

738,right/right_image_0809.jpg,1,,,,,54.55033888888889,63.12260555555556,0.42

739,right/right_image_0810.jpg,1,,,,,54.60547777777778,63.10048888888889,0.42

740,right/right_image_0811.jpg,1,,,,,54.62425277777778,63.092913888888894,0.42

741,right/right_image_0812.jpg,1,,,,,58.36378888888889,61.592908333333334,0.42

742,right/right_image_0813.jpg,1,,,,,58.42173888888889,61.56743055555556,0.42

743,right/right_image_0814.jpg,1,,,,,58.42611111111111,61.565530555555554,0.42

744,right/right_image_0815.jpg,1,,,,,58.57458611111112,61.49840277777778,0.42

745,right/right_image_0816.jpg,1,,,,,58.654725,61.46537222222223,0.42

746,right/right_image_0817.jpg,1,,,,,58.736241666666665,61.42955833333333,0.42

747,right/right_image_0818.jpg,1,,,,,58.80090555555555,61.40012222222222,0.42

748,right/right_image_0819.jpg,1,,,,,58.94435555555555,61.34059722222222,0.42

749,right/right_image_0822.jpg,1,,,,,59.65990277777777,61.05576388888888,0.42

750,right/right_image_0826.jpg,1,,,,,62.09389166666667,60.096069444444446,0.42

751,right/right_image_0827.jpg,1,,,,,62.23985555555556,59.96720555555556,0.42

752,right/right_image_0828.jpg,1,,,,,62.42075555555555,59.837205555555556,0.42

753,right/right_image_0829.jpg,1,,,,,62.546675,59.747416666666666,0.42

754,right/right_image_0830.jpg,1,,,,,62.73676944444445,59.616055555555555,0.42

755,right/right_image_0831.jpg,1,,,,,63.001488888888886,59.95603888888889,0.42

756,right/right_image_0832.jpg,1,,,,,63.30549166666666,59.82257777777778,0.42

757,right/right_image_0833.jpg,1,,,,,63.32351944444445,59.815686111111106,0.42

758,right/right_image_0834.jpg,1,,,,,63.41733055555555,59.777452777777775,0.42

759,right/right_image_0835.jpg,1,,,,,63.59373333333333,59.69794722222222,0.42

760,right/right_image_0836.jpg,1,,,,,64.53420277777778,59.047691666666665,0.42

761,right/right_image_0837.jpg,1,,,,,64.67222777777778,58.97866944444445,0.42

762,right/right_image_0838.jpg,1,,,,,64.81889722222222,58.89208333333333,0.42

763,right/right_image_0839.jpg,1,,,,,64.89586666666668,58.87231388888889,0.42

764,right/right_image_0840.jpg,1,,,,,65.09987777777778,58.787258333333334,0.42

765,right/right_image_0841.jpg,1,,,,,65.3198,58.69981111111111,0.42

766,right/right_image_0842.jpg,1,,,,,65.60419444444445,58.577247222222226,0.42

767,right/right_image_0843.jpg,1,,,,,65.71279722222222,58.368969444444446,0.42

768,right/right_image_0846.jpg,1,,,,,66.05990277777778,58.20699722222223,0.42

769,right/right_image_0847.jpg,1,,,,,66.18644166666667,58.14773888888889,0.42

770,right/right_image_0848.jpg,1,,,,,66.28102777777778,58.102827777777776,0.42

771,right/right_image_0849.jpg,1,,,,,66.4283138888889,58.02321388888889,0.42

772,right/right_image_0850.jpg,1,,,,,66.46679166666667,58.00485555555556,0.42

773,right/right_image_0851.jpg,1,,,,,66.5617,57.95923055555556,0.42

774,right/right_image_0852.jpg,1,,,,,66.76528055555555,57.86154722222222,0.42

775,right/right_image_0853.jpg,1,,,,,67.00544444444445,57.743547222222226,0.42

776,right/right_image_0854.jpg,1,,,,,67.20726944444445,57.640255555555555,0.42

777,right/right_image_0855.jpg,1,,,,,67.38295555555555,57.64808333333333,0.42

778,right/right_image_0856.jpg,1,,,,,67.44627222222222,57.61620277777778,0.42

779,right/right_image_0857.jpg,1,,,,,67.47720833333334,57.600347222222226,0.42

780,right/right_image_0859.jpg,1,,,,,67.74649722222222,57.44303055555555,0.42

781,right/right_image_0860.jpg,1,,,,,67.73683611111112,57.43295555555555,0.42

782,right/right_image_0861.jpg,1,,,,,67.73669722222222,57.433027777777774,0.42

783,right/right_image_0862.jpg,1,,,,,67.734775,57.43402777777777,0.42

784,right/right_image_0863.jpg,1,,,,,67.97425277777778,57.43293055555555,0.42

785,right/right_image_0864.jpg,1,,,,,68.18148055555557,57.388625,0.42

786,right/right_image_0866.jpg,1,,,,,68.18148055555557,57.388625,0.42

787,right/right_image_0867.jpg,1,,,,,68.17763333333333,57.38545,0.42

788,right/right_image_0868.jpg,1,,,,,68.17762777777779,57.38545277777778,0.42

789,right/right_image_0870.jpg,1,,,,,68.17762777777779,57.38545277777778,0.42

790,right/right_image_0871.jpg,1,,,,,68.17762777777779,57.38545277777778,0.42

791,right/right_image_0872.jpg,1,,,,,68.17763333333333,57.38545,0.42

792,right/right_image_0874.jpg,1,,,,,68.41419722222223,57.33765555555556,0.42

793,right/right_image_0875.jpg,1,,,,,68.41419722222223,57.33765555555556,0.42

794,right/right_image_0876.jpg,1,,,,,68.58635277777778,57.335144444444445,0.42

795,right/right_image_0877.jpg,1,,,,,68.58635277777778,57.335144444444445,0.42

796,right/right_image_0878.jpg,1,,,,,68.58635277777778,57.335144444444445,0.42

797,right/right_image_0879.jpg,1,,,,,68.58635277777778,57.335144444444445,0.42

798,right/right_image_0880.jpg,1,,,,,68.5854611111111,57.33379444444445,0.42

799,right/right_image_0881.jpg,1,,,,,68.58545833333334,57.33379444444445,0.42

800,right/right_image_0883.jpg,1,,,,,68.5854611111111,57.33379444444445,0.42

801,right/right_image_0884.jpg,1,,,,,68.5854611111111,57.33379444444445,0.42

802,right/right_image_0885.jpg,1,,,,,68.58407777777778,57.33163888888889,0.42

803,right/right_image_0886.jpg,1,,,,,68.58407777777778,57.33163888888889,0.42

804,right/right_image_0887.jpg,1,,,,,68.58407777777778,57.33163888888889,0.42

805,right/right_image_0888.jpg,1,,,,,68.58407777777778,57.33163888888889,0.42

806,right/right_image_0889.jpg,1,,,,,68.60952222222221,57.337047222222225,0.42

807,right/right_image_0890.jpg,1,,,,,68.60952222222221,57.337047222222225,0.42

808,right/right_image_0891.jpg,1,,,,,68.60952222222221,57.337047222222225,0.42

809,right/right_image_0892.jpg,1,,,,,68.60952222222221,57.337047222222225,0.42

810,right/right_image_0893.jpg,1,,,,,68.60952222222221,57.337047222222225,0.42

811,right/right_image_0894.jpg,1,,,,,68.60886666666666,57.33636666666667,0.42

812,right/right_image_0895.jpg,1,,,,,68.60886666666666,57.33636666666667,0.42

813,right/right_image_0898.jpg,1,,,,,68.60772222222222,57.33475555555556,0.42

814,right/right_image_0899.jpg,1,,,,,68.54725277777777,57.370891666666665,0.42

815,right/right_image_0901.jpg,1,,,,,68.68948055555556,57.38923888888889,0.42

816,right/right_image_0902.jpg,1,,,,,68.68948055555556,57.38923888888889,0.42

817,right/right_image_0904.jpg,1,,,,,70.32397222222222,56.88643888888889,0.42

818,right/right_image_0905.jpg,1,,,,,70.74289444444445,56.94170277777778,0.42

819,right/right_image_0906.jpg,1,,,,,70.91626111111111,56.70698055555556,0.42

820,right/right_image_0907.jpg,1,,,,,71.04747222222223,56.65499722222222,0.42

821,right/right_image_0908.jpg,1,,,,,71.15035277777778,56.61871111111111,0.42

822,right/right_image_0909.jpg,1,,,,,71.19905277777778,56.60176388888889,0.42

823,right/right_image_0910.jpg,1,,,,,71.34418055555555,56.55164166666666,0.42

824,right/right_image_0911.jpg,1,,,,,71.48184722222223,56.5037,0.42

825,right/right_image_0912.jpg,1,,,,,71.5104,56.49361388888889,0.42

826,right/right_image_0913.jpg,1,,,,,71.64511111111112,56.44581944444444,0.42

827,right/right_image_0915.jpg,1,,,,,76.10523611111111,53.79929166666666,0.42

828,right/right_image_0917.jpg,1,,,,,78.25868333333334,54.13285,0.42

829,right/right_image_0919.jpg,1,,,,,78.22231666666667,54.13894444444444,0.42

830,right/right_image_0921.jpg,1,,,,,78.58106388888889,53.780458333333335,0.42

831,right/right_image_0922.jpg,1,,,,,78.58157777777778,53.77954722222222,0.42

832,right/right_image_0924.jpg,1,,,,,78.580525,53.77811388888889,0.42

833,right/right_image_0925.jpg,1,,,,,78.58051944444443,53.77811388888889,0.42

834,right/right_image_0926.jpg,1,,,,,78.58051944444443,53.77811388888889,0.42

835,right/right_image_0927.jpg,1,,,,,78.58051944444443,53.77811111111111,0.42

836,right/right_image_0928.jpg,1,,,,,78.58,53.774794444444446,0.42

837,right/right_image_0929.jpg,1,,,,,78.77272222222223,53.77065277777778,0.42

838,right/right_image_0930.jpg,1,,,,,78.77271388888889,53.77065555555556,0.42

839,right/right_image_0931.jpg,1,,,,,78.77272777777777,53.77065277777778,0.42

840,right/right_image_0933.jpg,1,,,,,78.77272222222223,53.77065555555556,0.42

841,right/right_image_0934.jpg,1,,,,,78.7727,53.77066111111111,0.42

842,right/right_image_0935.jpg,1,,,,,78.77264166666667,53.764433333333336,0.42

843,right/right_image_0936.jpg,1,,,,,78.77264444444444,53.764433333333336,0.42

