1 0.6928088201311587 0.6928088969380337 -0.14147761081265092 0.14147761081265092 -34.5839880394696 0.4200071947884584 -161.2589164905415 1 camera_right0/camera_right0_image_0004.jpg

2 0.6920347705117715 0.6920348474045561 -0.145216569783117 0.145216569783117 -32.769367049730505 0.42000720069487013 -161.71300709088248 1 camera_right0/camera_right0_image_0014.jpg

3 0.6926308271467856 0.6926309039733981 -0.14234645386252953 0.14234645386252953 -34.03273913454874 0.42000720070241904 -161.4031799859904 1 camera_right0/camera_right0_image_0026.jpg

4 0.6943543936906835 0.694354470326593 -0.13368601770091906 0.13368601770091906 -36.01592494262232 0.42000723894562125 -160.462383850138 1 camera_right0/camera_right0_image_0042.jpg

5 0.6864078480762448 0.6864079255993681 -0.16983592891604632 0.16983592891604632 -17.244044896282674 0.42000727767792073 -163.2191233438705 1 camera_right0/camera_right0_image_0055.jpg

6 0.6827270063073337 0.6827270842484138 -0.18407556089989024 0.18407556089989024 -8.940075295397989 0.4200073251069286 -163.95325447589033 1 camera_right0/camera_right0_image_0068.jpg

7 0.7054608801065707 0.7054609555359556 -0.04821742715666227 0.04821742715666227 -68.44472086438007 0.4200073766115208 -148.90307733464434 1 camera_right0/camera_right0_image_0080.jpg

8 0.6946586392106077 0.694658715812952 -0.13209598891724533 0.13209598891724533 -28.756644571220093 0.4200074149743237 -160.69785115627036 1 camera_right0/camera_right0_image_0093.jpg

9 0.6927057457020476 0.6927058225203514 -0.1419814266045104 0.1419814266045104 -22.01438465578427 0.42000744497888687 -161.1448754570546 1 camera_right0/camera_right0_image_0105.jpg

10 0.6945306027973049 0.6945306794137709 -0.13276753035400327 0.13276753035400327 -23.99963266173797 0.4200074843732611 -160.39190251291936 1 camera_right0/camera_right0_image_0117.jpg

11 0.7015057506018048 0.7015058264564646 -0.0888237362391175 0.0888237362391175 -41.89899095313822 0.42000751463071423 -156.17083758917585 1 camera_right0/camera_right0_image_0129.jpg

12 0.6956498152033046 0.6956498916965043 -0.12677266964357345 0.12677266964357345 -22.578005089532553 0.42000755667674233 -159.82867479131505 1 camera_right0/camera_right0_image_0144.jpg

13 0.6961631171491371 0.6961631935859361 -0.12392291717475303 0.12392291717475303 -21.794871208707917 0.420007595605086 -159.64891947296513 1 camera_right0/camera_right0_image_0161.jpg

14 0.6906038599063985 0.6906039369585022 -0.15187588567543006 0.15187588567543006 -6.42792918501398 0.4200076474343598 -160.83094918219155 1 camera_right0/camera_right0_image_0174.jpg

15 0.6962041182627597 0.6962041946950566 0.12369236349674728 -0.12369236349674728 -116.02609026285063 0.4200076570601613 -110.25719779588505 1 camera_right0/camera_right0_image_0187.jpg

16 0.6693475164102628 0.6693475959092954 0.22797780997754802 -0.22797780997754802 -142.19884750295694 0.4200076125992988 -70.50118177611063 1 camera_right0/camera_right0_image_0201.jpg

17 0.6450659938332305 0.6450660763247595 0.2896374418503288 -0.2896374418503288 -150.73278559148804 0.42000753002331725 -42.80262721731285 1 camera_right0/camera_right0_image_0220.jpg

18 0.6437725434732915 0.6437726261305606 0.29250110538043705 -0.29250110538043705 -148.83927719704872 0.4200074548955206 -41.91195024116375 1 camera_right0/camera_right0_image_0230.jpg

19 0.6598655657078674 0.6598656463492631 0.25412086982128274 -0.25412086982128274 -140.17728938916713 0.42000736818285667 -59.356771656740776 1 camera_right0/camera_right0_image_0241.jpg

20 0.6643690000055601 0.664369080100327 0.2421028960828736 -0.2421028960828736 -135.93855959986763 0.4200073008299905 -64.4259639152323 1 camera_right0/camera_right0_image_0251.jpg

21 0.6510189909283972 0.6510190726656139 0.275996841301158 -0.275996841301158 -139.75507966215935 0.4200072248990681 -50.208635883839975 1 camera_right0/camera_right0_image_0265.jpg

22 0.5680666109461356 0.5680667046190944 0.4210704551002938 -0.4210704551002938 -145.13391760776045 0.42000712116543926 18.764649932367817 1 camera_right0/camera_right0_image_0276.jpg

23 0.5856046923069146 0.5856047831744927 0.3963169717710815 -0.3963169717710815 -144.17183565053531 0.42000702022722974 6.274168256652744 1 camera_right0/camera_right0_image_0288.jpg

24 0.6072162550621879 0.6072163426956784 0.36233742827585674 -0.36233742827585674 -142.20251887226829 0.42000693609933354 -10.064839895025086 1 camera_right0/camera_right0_image_0297.jpg

25 0.5809781381235745 0.5809782297147668 0.40306873114734476 -0.40306873114734476 -139.73373922750974 0.42000681109259685 9.45347172516155 1 camera_right0/camera_right0_image_0309.jpg

26 0.5669366976230075 0.566936791482658 0.4225905628944956 -0.4225905628944956 -136.43285925821633 0.42000669039527344 19.034817747994957 1 camera_right0/camera_right0_image_0326.jpg

27 0.5791157808307741 0.5791158727165108 0.40573995601471696 -0.40573995601471696 -135.04375614479312 0.4200065808915977 10.756001004538755 1 camera_right0/camera_right0_image_0347.jpg

28 0.5868137911724383 0.5868138818527887 0.3945244883858524 -0.3945244883858524 -133.4126164167414 0.42000648490156617 5.560753749567703 1 camera_right0/camera_right0_image_0360.jpg

29 0.5780505635219007 0.5780506555769617 0.4072561182090812 -0.4072561182090812 -130.92933701266065 0.4200063823419777 11.20128774789952 1 camera_right0/camera_right0_image_0377.jpg

30 0.589820399424556 0.589820489642664 0.3900152472445622 -0.3900152472445622 -130.29416913486872 0.42000632714575503 3.594684433049602 1 camera_right0/camera_right0_image_0394.jpg

31 0.5894190218162619 0.5894191120958052 0.39062157324696833 -0.39062157324696833 -130.0958779421087 0.42000631725377374 3.8891826756608063 1 camera_right0/camera_right0_image_0404.jpg

32 0.5905974397251996 0.5905975298246084 0.3888375761799598 -0.3888375761799598 -130.03755386270313 0.42000631325193744 3.107972785348296 1 camera_right0/camera_right0_image_0418.jpg

33 0.5880657156653529 0.5880658061526555 0.39265597050937395 -0.39265597050937395 -129.95439548238568 0.42000631183582604 4.78513415903813 1 camera_right0/camera_right0_image_0438.jpg

34 0.6024819767570372 0.6024820650791485 0.370155995713644 -0.370155995713644 -127.86968595670079 0.4200062123922591 -5.002571254470701 1 camera_right0/camera_right0_image_0448.jpg

35 0.5870154630063603 0.5870155536555566 0.3942243569144817 -0.3942243569144817 -125.66579187623917 0.420006104954935 5.329230150312243 1 camera_right0/camera_right0_image_0465.jpg

36 0.5757648538320469 0.5757649462525547 0.4104812218992938 -0.4104812218992938 -123.19669478788185 0.42000600843864777 12.181602698373476 1 camera_right0/camera_right0_image_0484.jpg

37 0.5830895080227375 0.583089599282277 0.4000082800021142 -0.4000082800021142 -121.24225725690536 0.42000589349726347 7.7239841796435025 1 camera_right0/camera_right0_image_0498.jpg

38 0.575542051312069 0.5755421437683546 0.4107935584619391 -0.4107935584619391 -118.60667228871776 0.42000578081504647 12.15943101703517 1 camera_right0/camera_right0_image_0513.jpg

39 0.5632307586354451 0.5632308531126717 0.4275173874581181 -0.4275173874581181 -115.48053711169977 0.420005668093448 19.07117504522496 1 camera_right0/camera_right0_image_0529.jpg

40 0.5614555861083008 0.5614556808842397 0.42984605315281266 -0.42984605315281266 -112.95731841141483 0.4200055481181849 19.931622374176253 1 camera_right0/camera_right0_image_0545.jpg

41 0.574872518973852 0.5748726115378177 0.4117299935858302 -0.4117299935858302 -112.06541141289244 0.42000545163060504 12.642597973540115 1 camera_right0/camera_right0_image_0558.jpg

42 0.5739643445728768 0.5739644372833049 0.4129950751565119 -0.4129950751565119 -109.94377191536275 0.4200053454688111 13.253155019893102 1 camera_right0/camera_right0_image_0570.jpg

43 0.5950905310328045 0.5950906204519381 0.38192571946265796 -0.38192571946265796 -108.64357950165211 0.420005245945139 1.4532942693337183 1 camera_right0/camera_right0_image_0579.jpg

44 0.5843299162056066 0.5843300072714215 0.3981941073543293 -0.3981941073543293 -106.22079635875822 0.42000513812104995 7.441508839894028 1 camera_right0/camera_right0_image_0591.jpg

45 0.5744758515010564 0.5744759441289367 0.4122832725722496 -0.4122832725722496 -102.33057062546789 0.4200049698849634 12.401751251189962 1 camera_right0/camera_right0_image_0595.jpg

46 0.5750054477034314 0.5750055402459979 0.4115443302533603 -0.4115443302533603 -98.36172041709439 0.4200047713076829 11.968531854805654 1 camera_right0/camera_right0_image_0606.jpg

47 0.5861130533020371 0.5861131440908022 0.3955647688812965 -0.3955647688812965 -93.57281886586827 0.4200045124356693 6.408418559484315 1 camera_right0/camera_right0_image_0618.jpg

48 0.5779448599596444 0.577944952031542 0.4074061102659998 -0.4074061102659998 -91.3348841065795 0.42000441817247824 10.156265781374076 1 camera_right0/camera_right0_image_0626.jpg

49 0.5824602101003902 0.5824603014585282 0.4009240604596392 -0.4009240604596392 -87.91881506660968 0.4200042374670747 8.153316351498601 1 camera_right0/camera_right0_image_0628.jpg

50 0.6000880968623071 0.6000881855367541 0.37402442442970796 -0.37402442442970796 -84.72722859917792 0.42000406138665464 0.3708665414770503 1 camera_right0/camera_right0_image_0636.jpg

51 0.5709871793625206 0.5709872725563472 0.41710147781150697 -0.41710147781150697 -80.93776328424029 0.42000392137895787 12.599475318448382 1 camera_right0/camera_right0_image_0647.jpg

52 0.4733767544372899 0.47337686684771113 0.5252756298099138 -0.5252756298099138 -68.61459964600091 0.4200038964424855 43.9837250069027 1 camera_right0/camera_right0_image_0654.jpg

53 0.3471274184422197 0.3471275717360179 0.6160379017156852 -0.6160379017156852 -42.99644274701272 0.420003883078216 69.06239326054157 1 camera_right0/camera_right0_image_0660.jpg

54 0.1746658612706766 0.17466616592368606 0.6851953219266291 -0.6851953219266291 -0.9572514634623346 0.4200038278962535 80.93447315853737 1 camera_right0/camera_right0_image_0668.jpg

55 0.1225642332786999 0.12256466743864197 0.6964048391953318 -0.6964048391953318 13.613070564909073 0.4200037514606584 79.50467006124484 1 camera_right0/camera_right0_image_0676.jpg

56 0.14304332858537072 0.1430437005879012 0.6924881418786786 -0.6924881418786786 10.864415481456188 0.4200036508564751 78.95597693423395 1 camera_right0/camera_right0_image_0684.jpg

57 0.08810527971019567 0.08810588367491218 0.7015987509862377 -0.7015987509862377 25.14092560088614 0.4200036152859493 76.09979458725093 1 camera_right0/camera_right0_image_0700.jpg

58 0.18920675153609262 0.18920703277595116 0.6813233216044916 -0.6813233216044916 4.402780905125418 0.42000356362498115 80.3218355971974 1 camera_right0/camera_right0_image_0712.jpg

59 0.15150661999645418 0.15150697121859863 0.690685763120112 -0.690685763120112 14.77492126182143 0.4200035556975449 79.92349707292253 1 camera_right0/camera_right0_image_0728.jpg

60 0.15396993431311765 0.15397027991617748 0.6901407840548193 -0.6901407840548193 14.37605313564978 0.4200035482116011 79.95215387451253 1 camera_right0/camera_right0_image_0742.jpg

61 0.1541360923153223 0.1541364375458213 0.6901036915678416 -0.6901036915678416 14.484762626206695 0.42000354851925237 80.03466881888833 1 camera_right0/camera_right0_image_0747.jpg

62 0.15371476665761036 0.15371511283437242 0.6901976649690627 -0.6901976649690627 14.620504729137718 0.42000354897577785 80.04422340146166 1 camera_right0/camera_right0_image_0758.jpg

63 0.1545692134864125 0.15456955774953385 0.690006805795901 -0.690006805795901 14.450998322711943 0.42000354795295736 80.07249217796519 1 camera_right0/camera_right0_image_0766.jpg

64 0.14827911053205986 0.1482794693990642 0.6913858804368566 -0.6913858804368566 16.708839412688008 0.4200035336715527 79.86230300103942 1 camera_right0/camera_right0_image_0775.jpg

65 0.1602147961078412 0.16021512823996178 0.6887177766042634 -0.6887177766042634 17.245462816951715 0.42000345507772396 80.37390680978689 1 camera_right0/camera_right0_image_0791.jpg

66 0.1279682965565612 0.12796871238205507 0.6954319952219312 -0.6954319952219312 27.5385427680744 0.4200034005972464 78.42619861705923 1 camera_right0/camera_right0_image_0802.jpg

67 0.1499925994406981 0.14999295420806838 0.691016152423724 -0.691016152423724 27.575804757570367 0.420003299860713 80.24708440656167 1 camera_right0/camera_right0_image_0812.jpg

68 0.21407416820208194 0.21407441677238123 0.6739234016268828 -0.6739234016268828 16.065808379814243 0.42000321915838107 84.91304831451677 1 camera_right0/camera_right0_image_0826.jpg

69 0.16111552153234185 0.1611158518076594 0.688507613514109 -0.688507613514109 31.6329595853856 0.42000316442338614 81.55151992181925 1 camera_right0/camera_right0_image_0836.jpg

70 0.1570555206380469 0.15705585945122572 0.6894451118542734 -0.6894451118542734 34.890762696721495 0.42000310650374295 81.07014547098336 1 camera_right0/camera_right0_image_0851.jpg

71 0.166824476792188 0.16682479576504683 0.6871466147319701 -0.6871466147319701 33.865401207860785 0.4200030790354557 82.11227459822028 1 camera_right0/camera_right0_image_0859.jpg

72 0.1574277164226914 0.15742805443483696 0.6893602163095047 -0.6893602163095047 36.510108284843895 0.4200030761403715 81.29687445382248 1 camera_right0/camera_right0_image_0864.jpg

73 0.15711316935730688 0.15711350804616395 0.6894319763730996 -0.6894319763730996 36.81726634925713 0.4200030735495647 81.32150974101842 1 camera_right0/camera_right0_image_0874.jpg

74 0.15773343251489594 0.15773376987191196 0.6892903262327064 -0.6892903262327064 36.825607815909194 0.42000307322261776 81.45554222332099 1 camera_right0/camera_right0_image_0883.jpg

75 0.15769217946672912 0.15769251691199937 0.6892997654616919 -0.6892997654616919 36.85498485926654 0.42000307327376946 81.46167754909143 1 camera_right0/camera_right0_image_0898.jpg

76 0.1542536300804705 0.1542539750479111 0.6900774275186712 -0.6900774275186712 37.71579700353193 0.4200030763144136 81.17700211015445 1 camera_right0/camera_right0_image_0901.jpg

77 0.10614960834090804 0.10615010963790791 0.6990955171548535 -0.6990955171548535 50.26851872188152 0.42000304941777644 75.19711102819745 1 camera_right0/camera_right0_image_0904.jpg

78 0.216380294500421 0.21638054042152072 0.673186494661377 -0.673186494661377 30.50556573459225 0.42000288514304446 88.06692234663237 1 camera_right0/camera_right0_image_0915.jpg

79 0.09938716381238341 0.09938769921834692 0.700089141029378 -0.700089141029378 60.06372431956857 0.42000290321676576 73.77063542705424 1 camera_right0/camera_right0_image_0919.jpg

80 0.13989424417310767 0.13989462454958948 0.6931312142320906 -0.6931312142320906 51.57070801222765 0.4200028840160778 80.04652984244301 1 camera_right0/camera_right0_image_0925.jpg

81 0.12150717036100109 0.12150760829795497 0.6965900730238567 -0.6965900730238567 55.915965056387925 0.42000288361930094 77.26467815385968 1 camera_right0/camera_right0_image_0930.jpg

82 0.6928088201311587 0.6928088969380337 -0.14147761081265092 0.14147761081265092 -34.5839880394696 0.4200071947884584 -161.2589164905415 2 camera_right1/camera_right1_image_0004.jpg

83 0.6944566332962403 0.6944567099208673 -0.13315389525241322 0.13315389525241322 -36.80917894592546 0.4200072281709615 -160.406973207281 2 camera_right1/camera_right1_image_0038.jpg

84 0.6934201449538762 0.6934202216930369 -0.13845027297638354 0.13845027297638354 -32.81965372161866 0.4200072595444393 -160.94953524987355 2 camera_right1/camera_right1_image_0050.jpg

85 0.6538839173665053 0.6538839987455991 -0.26913900686854497 0.26913900686854497 31.767563042281083 0.4200073028593163 -161.14883953118348 2 camera_right1/camera_right1_image_0060.jpg

86 0.6824471678980323 0.6824472458710721 -0.18511034637955792 0.18511034637955792 -7.633857717459961 0.4200073479271045 -164.00279815218363 2 camera_right1/camera_right1_image_0072.jpg

87 0.7056706313959464 0.7056707068029107 -0.04504368541555245 0.04504368541555245 -69.65330389232759 0.42000737739532407 -148.27972841367006 2 camera_right1/camera_right1_image_0081.jpg

88 0.6943908396154731 0.6943909162473598 -0.13349658129934602 0.13349658129934602 -28.860816469792198 0.42000739907607876 -160.79127989335203 2 camera_right1/camera_right1_image_0090.jpg

89 0.7001556115607238 0.7001556875616578 -0.0989044693409829 0.0989044693409829 -43.05480917067215 0.4200074206621242 -157.1066782821 2 camera_right1/camera_right1_image_0098.jpg

90 0.6911143792378611 0.6911144562330472 -0.1495355833759708 0.1495355833759708 -18.215181051708292 0.42000745110347265 -161.58841554285323 2 camera_right1/camera_right1_image_0107.jpg

91 0.6980474874507054 0.6980475636811646 -0.11282588376638066 0.11282588376638066 -33.52259807587169 0.4200074772587424 -158.7405522121938 2 camera_right1/camera_right1_image_0115.jpg

92 0.7020287074553961 0.7020287832535503 -0.08459118201600159 0.08459118201600159 -44.545547961710916 0.4200075043647296 -155.64274984490956 2 camera_right1/camera_right1_image_0123.jpg

93 0.6966108870124207 0.6966109634000875 -0.1213805878430289 0.1213805878430289 -26.354470335235114 0.42000753104108846 -159.4162154159939 2 camera_right1/camera_right1_image_0135.jpg

94 0.6959462825714369 0.6959463590320507 -0.12513491474850846 0.12513491474850846 -23.053320177546674 0.4200075618162728 -159.72077756877968 2 camera_right1/camera_right1_image_0146.jpg

95 0.6935491165754146 0.6935491933003054 -0.13780275175762574 0.13780275175762574 -15.655668620000945 0.42000759092205936 -160.40195709544605 2 camera_right1/camera_right1_image_0159.jpg

96 0.6968037478434543 0.6968038242099782 -0.12026849949309372 0.12026849949309372 -22.19951772365811 0.42000762034839106 -159.4532933425446 2 camera_right1/camera_right1_image_0166.jpg

97 0.6963541497284949 0.6963542261443245 -0.12284491526185452 0.12284491526185452 -19.38801839523522 0.420007651273286 -159.63756427131747 2 camera_right1/camera_right1_image_0176.jpg

98 0.70679015588796 0.7067902311754835 0.021157716826647553 -0.021157716826647553 -79.75649114469076 0.4200076627399219 -139.06095657488447 2 camera_right1/camera_right1_image_0186.jpg

99 0.6853355970935224 0.6853356747379352 0.17411230911323672 -0.17411230911323672 -129.49814184283815 0.42000763130176616 -92.38485859453519 2 camera_right1/camera_right1_image_0200.jpg

100 0.6327322584719188 0.6327323425714406 0.3156736855167573 -0.3156736855167573 -154.43482175829942 0.4200075586660691 -30.331751155579695 2 camera_right1/camera_right1_image_0213.jpg

101 0.663095816047008 0.6630958962955615 0.24556856360852758 -0.24556856360852758 -142.74335589070924 0.4200075102459396 -62.919327549499904 2 camera_right1/camera_right1_image_0224.jpg

102 0.6441832936959346 0.6441833763004987 0.2915953847715417 -0.2915953847715417 -148.36098351774854 0.4200074403328205 -42.32542023729031 2 camera_right1/camera_right1_image_0232.jpg

103 0.663662702173533 0.6636627823535405 0.24403237148419027 -0.24403237148419027 -139.06616935464842 0.4200073890845064 -63.468766607549824 2 camera_right1/camera_right1_image_0240.jpg

104 0.6611674978588392 0.66116757834144 0.25071402198593046 -0.25071402198593046 -138.5134190884977 0.420007330892796 -60.78830130903572 2 camera_right1/camera_right1_image_0246.jpg

105 0.6627846065160816 0.662784686802316 0.24640727690951877 -0.24640727690951877 -136.20828020798854 0.42000728168776585 -62.66044480005792 2 camera_right1/camera_right1_image_0255.jpg

106 0.6510189909283972 0.6510190726656139 0.275996841301158 -0.275996841301158 -139.75507966215935 0.4200072248990681 -50.208635883839975 2 camera_right1/camera_right1_image_0265.jpg

107 0.5725248698561717 0.5725249627996974 0.41498828266266535 -0.41498828266266535 -145.9289284061311 0.4200071430219683 15.651568401805138 2 camera_right1/camera_right1_image_0274.jpg

108 0.5740873699770619 0.5740874626676225 0.4128240454996705 -0.4128240454996705 -144.4743710575978 0.42000706312408237 14.594937807503458 2 camera_right1/camera_right1_image_0282.jpg

109 0.5875877582308654 0.5875878487917722 0.3933708474456422 -0.3933708474456422 -143.56967821886272 0.4200069878470061 4.826316855402653 2 camera_right1/camera_right1_image_0290.jpg

110 0.6080446876863587 0.6080447752004527 0.36094549439106843 -0.36094549439106843 -141.72128249860796 0.42000691587309374 -10.717435851040449 2 camera_right1/camera_right1_image_0301.jpg

111 0.5799202185866937 0.5799203103449709 0.404589346583029 -0.404589346583029 -140.03549365055443 0.42000682867250105 10.188694738578208 2 camera_right1/camera_right1_image_0308.jpg

112 0.5627331177078961 0.5627332122686716 0.42817221118987747 -0.42817221118987747 -137.11474265006203 0.4200067471473939 21.648215745760595 2 camera_right1/camera_right1_image_0318.jpg

113 0.5755468226606466 0.5755469151161655 0.4107868734833544 -0.4107868734833544 -136.64562943529307 0.4200066671291084 13.397201747773765 2 camera_right1/camera_right1_image_0330.jpg

114 0.5808933749079215 0.5808934665124784 0.4031908803747381 -0.4031908803747381 -135.46706242385918 0.42000659763307724 9.563649156174224 2 camera_right1/camera_right1_image_0346.jpg

115 0.5861993005500017 0.586199391325409 0.3954369452176292 -0.3954369452176292 -134.07759464699615 0.4200065174361653 6.034082893382689 2 camera_right1/camera_right1_image_0354.jpg

116 0.5783246178437745 0.5783247098552133 0.40686685307004405 -0.40686685307004405 -132.15744458878262 0.42000643995644943 11.199894121933875 2 camera_right1/camera_right1_image_0369.jpg

117 0.5821758357445894 0.5821759271473528 0.4013368846210852 -0.4013368846210852 -130.6351576379056 0.42000635771009753 8.526756695522737 2 camera_right1/camera_right1_image_0380.jpg

118 0.5895343979169583 0.5895344881788335 0.3904474233587568 -0.3904474233587568 -129.18929880643853 0.420006272319322 3.8318582305856106 2 camera_right1/camera_right1_image_0444.jpg

119 0.5897910376960769 0.5897911279186756 0.3900596473894469 -0.3900596473894469 -127.63348897445422 0.4200061984173852 3.540824639461726 2 camera_right1/camera_right1_image_0453.jpg

120 0.5885286217110511 0.5885287121271805 0.3919618073531806 -0.3919618073531806 -125.94941836037515 0.4200061170595398 4.361125532133806 2 camera_right1/camera_right1_image_0464.jpg

121 0.5841748520694858 0.5841749431594734 0.3984215611077421 -0.3984215611077421 -124.19314221763555 0.4200060384295818 7.02673021821206 2 camera_right1/camera_right1_image_0478.jpg

122 0.588004136871055 0.5880042273678335 0.3927481790617276 -0.3927481790617276 -122.54601662257471 0.420005950620831 4.685062489336148 2 camera_right1/camera_right1_image_0491.jpg

123 0.5838688324537972 0.5838689235915276 0.3988698844444431 -0.3988698844444431 -120.82537787827343 0.4200058711404826 7.263427326756607 2 camera_right1/camera_right1_image_0500.jpg

124 0.5813058912502206 0.5813059827897711 0.4025959012647681 -0.4025959012647681 -119.11154330275792 0.4200057912942361 8.786618644347053 2 camera_right1/camera_right1_image_0512.jpg

125 0.5585750153605018 0.5585751106252003 0.43358269992130444 -0.43358269992130444 -115.84307997182424 0.4200057096464659 21.547929432985125 2 camera_right1/camera_right1_image_0526.jpg

126 0.561037362401859 0.5610374572484476 0.4303917781490635 -0.4303917781490635 -114.50558440926193 0.4200056293635968 20.175359887533737 2 camera_right1/camera_right1_image_0534.jpg

127 0.5627749293997363 0.5627750239534867 0.4281172538302046 -0.4281172538302046 -113.16272464541196 0.42000555250314275 19.234414541681808 2 camera_right1/camera_right1_image_0544.jpg

128 0.574872518973852 0.5748726115378177 0.4117299935858302 -0.4117299935858302 -112.06541141289244 0.42000545163060504 12.642597973540115 2 camera_right1/camera_right1_image_0558.jpg

129 0.5727742168322796 0.572774309735344 0.414644061590959 -0.414644061590959 -110.12736867514298 0.42000535872881956 13.883304316185408 2 camera_right1/camera_right1_image_0568.jpg

130 0.5879624384004343 0.5879625289036307 0.3928106008942581 -0.3928106008942581 -109.33804490645329 0.42000528273902865 5.625939011220447 2 camera_right1/camera_right1_image_0575.jpg

131 0.5775644578311058 0.5775645499636453 0.4079452132223963 -0.4079452132223963 -106.98374963291158 0.4200051905631582 11.078077383615154 2 camera_right1/camera_right1_image_0582.jpg

132 0.5744758515010564 0.5744759441289367 0.4122832725722496 -0.4122832725722496 -102.33057062546789 0.4200049698849634 12.401751251189962 2 camera_right1/camera_right1_image_0595.jpg

133 0.5750054477034314 0.5750055402459979 0.4115443302533603 -0.4115443302533603 -98.36172041709439 0.4200047713076829 11.968531854805654 2 camera_right1/camera_right1_image_0606.jpg

134 0.5942431546175175 0.5942432441641617 0.3832428325704438 -0.3832428325704438 -97.55393545580428 0.4200046956133015 2.5328408199521357 2 camera_right1/camera_right1_image_0615.jpg

135 0.5861130533020371 0.5861131440908022 0.3955647688812965 -0.3955647688812965 -93.57281886586827 0.4200045124356693 6.408418559484315 2 camera_right1/camera_right1_image_0618.jpg

136 0.5775998083984296 0.5775999005253303 0.4078951596539731 -0.4078951596539731 -91.34390312021881 0.42000441949247413 10.310929773456339 2 camera_right1/camera_right1_image_0625.jpg

137 0.5824602101003902 0.5824603014585282 0.4009240604596392 -0.4009240604596392 -87.91881506660968 0.4200042374670747 8.153316351498601 2 camera_right1/camera_right1_image_0628.jpg

138 0.6000880968623071 0.6000881855367541 0.37402442442970796 -0.37402442442970796 -84.72722859917792 0.42000406138665464 0.3708665414770503 2 camera_right1/camera_right1_image_0636.jpg

139 0.5807633780786569 0.5807634697037181 0.4033781076697653 -0.4033781076697653 -82.63370880089339 0.42000397999087874 8.761878250275684 2 camera_right1/camera_right1_image_0645.jpg

140 0.5620692731944221 0.5620693678668812 0.42904328048549456 -0.42904328048549456 -79.98008084403787 0.4200039030116428 16.01046088496918 2 camera_right1/camera_right1_image_0652.jpg

141 0.2096518667416065 0.2096521205551353 0.6753122390971611 -0.6753122390971611 -9.595773824137513 0.4200038361482648 80.36655711384584 2 camera_right1/camera_right1_image_0666.jpg

142 0.14878586263890076 0.14878622028363225 0.6912769988488076 -0.6912769988488076 6.827796237823964 0.4200037680551772 80.31207849297643 2 camera_right1/camera_right1_image_0672.jpg

143 0.14554425927939177 0.14554462488968806 0.6919667945665708 -0.6919667945665708 9.12940025676054 0.42000368719993647 79.26621357895155 2 camera_right1/camera_right1_image_0677.jpg

144 0.12273222712483874 0.1227326606905076 0.6963752486364722 -0.6963752486364722 15.924546625007142 0.42000364193102024 78.17575821102169 2 camera_right1/camera_right1_image_0688.jpg

145 0.08810527971019567 0.08810588367491218 0.7015987509862377 -0.7015987509862377 25.14092560088614 0.4200036152859493 76.09979458725093 2 camera_right1/camera_right1_image_0700.jpg

146 0.19593104941536654 0.19593132100315466 0.6794200741264861 -0.6794200741264861 2.1497599003248027 0.4200035821371741 80.38609064756892 2 camera_right1/camera_right1_image_0708.jpg

147 0.1572522043697489 0.15725254275915496 0.6894002758535499 -0.6894002758535499 12.829531557352833 0.420003560878055 79.97174947720856 2 camera_right1/camera_right1_image_0718.jpg

148 0.14623621351678365 0.14623657739710233 0.6918208830254023 -0.6918208830254023 16.892919148938844 0.42000353999752066 79.7650045988519 2 camera_right1/camera_right1_image_0772.jpg

149 0.16320991705568047 0.16321024309273238 0.6880141292031989 -0.6880141292031989 14.477185498542298 0.42000349904907686 80.40606584922573 2 camera_right1/camera_right1_image_0783.jpg

150 0.1602147961078412 0.16021512823996178 0.6887177766042634 -0.6887177766042634 17.245462816951715 0.42000345507772396 80.37390680978689 2 camera_right1/camera_right1_image_0791.jpg

151 0.1279682965565612 0.12796871238205507 0.6954319952219312 -0.6954319952219312 27.5385427680744 0.4200034005972464 78.42619861705923 2 camera_right1/camera_right1_image_0802.jpg

152 0.1499925994406981 0.14999295420806838 0.691016152423724 -0.691016152423724 27.575804757570367 0.420003299860713 80.24708440656167 2 camera_right1/camera_right1_image_0812.jpg

153 0.21407416820208194 0.21407441677238123 0.6739234016268828 -0.6739234016268828 16.065808379814243 0.42000321915838107 84.91304831451677 2 camera_right1/camera_right1_image_0826.jpg

154 0.1495472188608415 0.1495475746847771 0.691112681972383 -0.691112681972383 33.22471050219013 0.42000319902509775 80.64817240760783 2 camera_right1/camera_right1_image_0835.jpg

155 0.12427884475012152 0.12427927292017803 0.6961008630559163 -0.6961008630559163 40.514213664312166 0.4200031550911964 77.69184544564081 2 camera_right1/camera_right1_image_0839.jpg

156 0.1543952796618542 0.15439562431280388 0.6900457477088869 -0.6900457477088869 35.19996297530616 0.4200031141447489 80.80889143257248 2 camera_right1/camera_right1_image_0848.jpg

157 0.166824476792188 0.16682479576504683 0.6871466147319701 -0.6871466147319701 33.865401207860785 0.4200030790354557 82.11227459822028 2 camera_right1/camera_right1_image_0859.jpg

158 0.10614960834090804 0.10615010963790791 0.6990955171548535 -0.6990955171548535 50.26851872188152 0.42000304941777644 75.19711102819745 2 camera_right1/camera_right1_image_0904.jpg

159 0.216380294500421 0.21638054042152072 0.673186494661377 -0.673186494661377 30.50556573459225 0.42000288514304446 88.06692234663237 2 camera_right1/camera_right1_image_0915.jpg

160 0.10180942205112824 0.10180994471867151 0.6997409010873724 -0.6997409010873724 59.58827691209998 0.42000290289247366 74.1891215724573 2 camera_right1/camera_right1_image_0917.jpg

